260
60
0
80
60
120
0,0
1,1
2,2
3,3
4,4
5,5
6,6
7,7
8,8
9,9
10,10
11,11
12,12
13,13
14,14
15,15
16,16
17,17
18,18
19,19
20,20
21,21
22,22
23,23
24,24
25,25
26,26
27,27
28,28
29,29
30,30
31,31
32,32
33,33
34,34
35,35
36,36
37,37
38,38
39,39
40,40
41,41
42,42
43,43
44,44
45,45
46,46
47,47
48,48
49,49
50,50
51,51
52,52
53,53
54,54
55,55
56,56
57,57
58,58
59,59
60,60
61,61
62,62
63,63
64,64
65,65
66,66
67,67
68,68
69,69
70,70
71,71
72,72
73,73
74,74
75,75
76,76
77,77
78,78
79,79
80,80
81,81
82,82
83,83
84,84
85,85
86,86
87,87
88,88
89,89
90,90
91,91
92,92
93,93
94,94
95,95
96,96
97,97
98,98
99,99
100,100
101,101
102,102
103,103
104,104
105,105
106,106
107,107
108,108
109,109
110,110
111,111
112,112
113,113
114,114
115,115
116,116
117,117
118,118
119,119
20
0,120
1,121
2,122
3,123
4,124
5,125
6,126
7,127
8,128
9,129
10,130
11,131
12,132
13,133
14,134
15,135
16,136
17,137
18,138
19,139
200,0.0000000000
201,0.0000000000
202,0.0000000000
203,0.0000000000
204,0.0000000000
205,0.0000000000
206,0.0000000000
207,0.0000000000
208,0.0000000000
209,0.0000000000
210,0.0000000000
211,0.0000000000
212,0.0000000000
213,0.0000000000
214,0.0000000000
215,0.0000000000
216,0.0000000000
217,0.0000000000
218,0.0000000000
219,0.0000000000
220,0.0000000000
221,0.0000000000
222,0.0000000000
223,0.0000000000
224,0.0000000000
225,0.0000000000
226,0.0000000000
227,0.0000000000
228,0.0000000000
229,0.0000000000
230,0.0000000000
231,0.0000000000
232,0.0000000000
233,0.0000000000
234,0.0000000000
235,0.0000000000
236,0.0000000000
237,0.0000000000
238,0.0000000000
239,0.0000000000
240,0.0000000000
241,0.0000000000
242,0.0000000000
243,0.0000000000
244,0.0000000000
245,0.0000000000
246,0.0000000000
247,0.0000000000
248,0.0000000000
249,0.0000000000
250,0.0000000000
251,0.0000000000
252,0.0000000000
253,0.0000000000
254,0.0000000000
255,0.0000000000
256,0.0000000000
257,0.0000000000
258,0.0000000000
259,0.0000000000
0,0,-0.0002048721,0,0.1050491109,1,-0.0746257082,2,-0.0756570250,3,-0.0754151940,4,0.0531671308,5,0.1750523299,6,0.1002028361,7,0.0077207140,8,-0.0058762757,9,-0.0182867944,10,-0.0585092790,11,-0.0515576303,12,-0.0998691544,13,0.0706870183,14,0.0209564995,15,-0.0156778507,16,-0.0902999267,17,0.0570614114,18,-0.0839764774,19,0.0287749637,20,-0.0571729392,21,0.0938785151,22,0.0956067964,23,0.0020832897,24,-0.1111941338,25,0.0505790263,26,-0.1303694099,27,-0.0732537508,28,-0.0660680905,29,0.0923486277,30,0.0363597684,31,0.1220510304,32,0.0568882525,33,0.1351011544,34,-0.0680480227,35,0.0251688976,36,0.0124393189,37,0.1229113936,38,-0.0730025470,39,0.0374809094,40,0.0459727943,41,0.0550040305,42,0.0709346682,43,0.0146849137,44,-0.0608331226,45,-0.0004746080,46,-0.0429751985,47,0.0391263850,48,-0.0151961166,49,0.1025668755,50,0.1078249067,51,0.0642495006,52,0.0590588935,53,0.0791222006,54,0.0628928170,55,-0.0947790071,56,-0.1364302188,57,-0.0779715851,58,-0.0714211017,59,0.1483924985,140,-1.0000000000
1,0,0.0003495819,0,0.0947228223,1,-0.2213817984,2,-0.1322261691,3,-0.0331551880,4,0.2202926278,5,-0.0070055109,6,-0.1696781516,7,0.0352043621,8,-0.1410927325,9,0.0345074423,10,0.1804888546,11,-0.2016042173,12,0.1491163075,13,0.0015881994,14,0.0858119130,15,0.0451594889,16,-0.1931877732,17,0.1585460007,18,-0.0417328216,19,-0.0509045348,20,0.0235698503,21,-0.1122242138,22,-0.0580910258,23,-0.0538947135,24,-0.0049463827,25,-0.0364184082,26,-0.1625055075,27,0.1344828606,28,0.1365328133,29,0.1284025311,30,-0.0057386216,31,0.0775327682,32,0.0676843151,33,-0.0375108048,34,0.1923893690,35,0.0539319590,36,-0.2001206726,37,-0.0598753691,38,-0.0750971809,39,-0.0685940608,40,0.1237469986,41,-0.1372292340,42,0.0202001724,43,0.2298269272,44,0.0828380212,45,0.2709592283,46,-0.1230858862,47,0.2251373827,48,-0.2430502623,49,0.1511405855,50,0.1263282895,51,-0.0388927460,52,-0.0949272215,53,0.0935980007,54,-0.0247768052,55,-0.0886475816,56,-0.0388781354,57,-0.1948512346,58,-0.0845166966,59,0.0625226647,141,-1.0000000000
2,0,-0.0012237682,0,0.0326639786,1,-0.0026205252,2,-0.0376959741,3,0.0629385188,4,-0.0286075715,5,0.0076860720,6,-0.0355645642,7,-0.0195313655,8,-0.0456535257,9,-0.0109920297,10,0.0399365574,11,-0.0001262929,12,0.0052193711,13,0.0051135020,14,-0.0252149347,15,0.0061222576,16,0.0375567861,17,-0.0446614623,18,0.0319480561,19,-0.0283832662,20,0.0168832857,21,0.0318189450,22,0.0531383827,23,-0.0039345259,24,-0.0371217430,25,-0.0152853262,26,0.0597993694,27,0.0197903980,28,-0.0424150378,29,-0.0440522060,30,-0.0600279123,31,0.0207900107,32,-0.0139431125,33,-0.0435684919,34,-0.0118232463,35,0.0315168574,36,0.0139027508,37,-0.0244483724,38,-0.0091652004,39,-0.0193605702,40,-0.0221076664,41,-0.0559454188,42,-0.0071109328,43,-0.0342677869,44,0.0703622475,45,0.0315052085,46,-0.0299768616,47,-0.0217351895,48,-0.0009005018,49,-0.0611118525,50,-0.0273681711,51,0.0480740704,52,0.0336924791,53,0.0202017501,54,-0.0075233560,55,-0.0181619991,56,0.0536988005,57,0.0511278287,58,-0.0135104889,59,0.0147475181,142,-1.0000000000
3,0,-0.0010115446,0,-0.0320525989,1,-0.0045328522,2,0.0074946801,3,-0.1103598401,4,0.0118371584,5,-0.0276658833,6,0.0095288428,7,-0.0448582843,8,0.0451675802,9,-0.0281459298,10,-0.0187066142,11,0.0324660167,12,0.0242945496,13,-0.0581967197,14,-0.0109248115,15,0.0407178476,16,-0.0006545234,17,0.0065728603,18,-0.0478450209,19,-0.0230904706,20,-0.0603948049,21,-0.0558751486,22,-0.0761465728,23,-0.0352087803,24,0.0453738682,25,-0.0363477655,26,-0.1090862751,27,0.0157244243,28,0.0021216364,29,0.1286752820,30,0.0004786063,31,-0.0240834113,32,-0.0424948633,33,0.0458139144,34,0.0417334549,35,-0.0341627449,36,-0.0381277949,37,-0.0175935943,38,-0.0140001522,39,0.0725117773,40,0.0456622317,41,0.0506519116,42,-0.0501860604,43,0.1046836451,44,-0.0678959191,45,-0.0025787917,46,0.0246604737,47,0.0002440258,48,0.0258304793,49,0.1274591684,50,0.0510314144,51,-0.0129219117,52,-0.0170838814,53,0.0254529975,54,0.0493442491,55,0.0290785544,56,-0.0904661417,57,-0.0370208845,58,0.0186883062,59,0.0507902838,143,-1.0000000000
4,0,-0.0003287435,0,0.0139662987,1,0.0050648758,2,0.0449148156,3,0.0863657296,4,0.0245541967,5,0.0737175941,6,0.0165863875,7,0.1606239527,8,-0.0079828575,9,0.0027399592,10,-0.0108877448,11,-0.0618851334,12,0.0198762100,13,0.1229443103,14,0.0668682605,15,-0.0254991204,16,-0.1072758585,17,0.1401273608,18,0.0082852421,19,0.1167998835,20,0.1553115100,21,-0.0084984023,22,0.0642069131,23,0.0169457849,24,-0.0812568963,25,0.1285305470,26,-0.0082009658,27,-0.0841228962,28,0.1085381657,29,-0.0816439837,30,0.0712238774,31,0.0505498722,32,0.1074734107,33,-0.0584693700,34,-0.0528148673,35,-0.0469062030,36,-0.0027980877,37,0.0817931890,38,0.1031223685,39,-0.1670989245,40,-0.0266991239,41,-0.0280465260,42,-0.0353811383,43,-0.0469979607,44,0.0573981069,45,0.0764940009,46,-0.0184152778,47,0.1286234111,48,-0.0794389173,49,-0.0764000118,50,-0.0596357845,51,-0.0612582639,52,0.0431782380,53,-0.0031368902,54,-0.0314191245,55,-0.0401894972,56,0.0088299206,57,-0.0209130235,58,-0.0338679478,59,-0.0474371724,144,-1.0000000000
5,0,-0.0001576540,0,0.0820733830,1,-0.0093143424,2,-0.0270952228,3,-0.0039520855,4,-0.0036909645,5,0.1866502762,6,0.1243200824,7,0.0465550348,8,0.0127375890,9,-0.0007918244,10,-0.0884774327,11,-0.0211972557,12,-0.1367893815,13,0.1141128317,14,0.0159772281,15,-0.0592482723,16,-0.0559988320,17,0.0336847045,18,-0.0345081352,19,0.0685369372,20,-0.0119759031,21,0.1393815577,22,0.1481348425,23,0.0445771702,24,-0.1282746643,25,0.0886622593,26,-0.0193081871,27,-0.1144107655,28,-0.0744402036,29,-0.0155803384,30,0.0583419427,31,0.1012213528,32,0.0713873729,33,0.1021510214,34,-0.1321722567,35,0.0178921372,36,0.0814449787,37,0.1373683214,38,-0.0253271405,39,-0.0014418226,40,-0.0183766689,41,0.0566817485,42,0.0846718550,43,-0.0993819535,44,-0.0440631211,45,-0.0660926551,46,-0.0132426154,47,-0.0020514037,48,0.0223787576,49,-0.0133296130,50,0.0386225246,51,0.0576356538,52,0.0863126144,53,0.0222513117,54,0.0236552339,55,-0.0759964213,56,-0.0573796853,57,-0.0161491912,58,-0.0498842150,59,0.0757035762,145,-1.0000000000
6,0,-0.0000808130,0,0.0961594433,1,0.0070569445,2,-0.0711278617,3,0.1515424252,4,-0.0900884792,5,-0.0186401792,6,-0.1405631602,7,-0.0318206884,8,-0.1110445186,9,-0.1568190008,10,0.1408000290,11,-0.0034077943,12,0.1576909274,13,-0.0606611930,14,-0.0037752194,15,0.1551761329,16,0.1054217219,17,-0.0620736741,18,0.0064204000,19,-0.0626648068,20,0.1309141815,21,-0.0488895550,22,0.0698061362,23,-0.1392530948,24,-0.1408443004,25,-0.0163142588,26,0.0430372655,27,0.0493734181,28,-0.0519036986,29,-0.0853022859,30,-0.1991689205,31,0.1099079549,32,-0.0000258752,33,-0.2134930044,34,-0.0084823063,35,-0.0138947237,36,-0.0680654570,37,-0.0641881078,38,0.0256969910,39,-0.1322400719,40,0.0280791223,41,-0.1615547687,42,-0.1682000458,43,0.0262482669,44,0.2163366675,45,0.2269965708,46,-0.1392438263,47,0.0267308541,48,-0.0382833146,49,-0.0982511044,50,-0.1330496371,51,0.1226083115,52,0.1602361947,53,0.1875499636,54,0.0763444230,55,-0.0822102502,56,0.0549600348,57,0.1278086901,58,-0.0906075612,59,0.1408767402,146,-1.0000000000
7,0,-0.0008896353,0,-0.0278104451,1,0.0270332526,2,0.0293468051,3,-0.0258448571,4,-0.0189787596,5,-0.0368619002,6,0.0007123111,7,-0.0122165792,8,0.0292276479,9,-0.0315973237,10,-0.0101405401,11,0.0286370758,12,0.0324636661,13,-0.0427946262,14,0.0052530300,15,0.0362621434,16,0.0251895878,17,-0.0039722566,18,-0.0208011735,19,-0.0016581842,20,0.0024594069,21,-0.0472678430,22,-0.0462745018,23,-0.0308013000,24,0.0226315744,25,-0.0074892845,26,-0.0300059188,27,0.0006021826,28,0.0126978420,29,0.0205400418,30,-0.0030374699,31,-0.0172994770,32,-0.0129223159,33,-0.0118908351,34,0.0107454974,35,-0.0384511538,36,-0.0198005904,37,-0.0108093843,38,0.0173413791,39,0.0072291307,40,0.0196836293,41,0.0213571507,42,-0.0472067930,43,0.0358796977,44,-0.0201389007,45,-0.0042912001,46,0.0112885553,47,-0.0043196781,48,0.0201721881,49,0.0278770346,50,-0.0177312810,51,-0.0131043373,52,0.0018007723,53,0.0118393069,54,0.0295423474,55,0.0185759626,56,-0.0286231879,57,0.0056118206,58,0.0082253898,59,0.0082158493,147,-1.0000000000
8,0,-0.0015851259,0,-0.2686652839,1,0.1053022295,2,0.1459862739,3,-0.0934686959,4,-0.0469154194,5,-0.0699112192,6,-0.0429025106,7,0.0754620433,8,0.1483383179,9,0.0176725108,10,-0.0324950665,11,0.1626487374,12,0.1060612872,13,0.0514358990,14,-0.1381016225,15,-0.0253813155,16,-0.0794932693,17,0.1243866459,18,0.1061988771,19,0.0575127415,20,0.0320815481,21,-0.1542943418,22,-0.1348987967,23,0.0538006499,24,0.1591722369,25,-0.0105831092,26,-0.1220088005,27,-0.0062803808,28,0.1835238338,29,0.1863805205,30,0.0218348894,31,-0.2246959955,32,-0.1674602479,33,-0.0432869829,34,0.0907594934,35,-0.1341247708,36,0.0230670925,37,-0.1095655859,38,0.2140218318,39,0.0195766855,40,-0.1295753866,41,0.0272893514,42,-0.3276899159,43,0.1412417442,44,-0.0229612421,45,0.0531875826,46,0.2223008573,47,0.0656365752,48,0.0613524653,49,0.0865291655,50,0.0042617037,51,-0.2076005787,52,-0.0460842028,53,-0.1166104823,54,-0.0666316748,55,0.2509784102,56,-0.0362847038,57,0.0333465524,58,0.2233346850,59,-0.1346141398,148,-1.0000000000
9,0,-0.0067902105,0,0.1230450571,1,-0.0413245447,2,-0.0934689343,3,0.0724391192,4,-0.0207479969,5,0.1208239347,6,0.0040937490,7,-0.0071540889,8,-0.0754994154,9,-0.0447140299,10,0.0270792171,11,-0.0394239090,12,-0.0430725291,13,0.0544511154,14,-0.0070340880,15,0.0114651192,16,0.0063506160,17,-0.0265549775,18,-0.0053957347,19,-0.0123829404,20,0.0226669498,21,0.1016164869,22,0.1463809907,23,-0.0168883260,24,-0.1441747993,25,0.0265374575,26,0.0265957154,27,-0.0250254422,28,-0.1009259671,29,-0.0433886871,30,-0.0686309859,31,0.1217209697,32,0.0361459926,33,-0.0085158674,34,-0.0769365206,35,0.0515716150,36,0.0250989646,37,0.0482198633,38,-0.0452231616,39,-0.0400632322,40,-0.0020966136,41,-0.0560366064,42,0.0240168814,43,-0.0586420707,44,0.0793602914,45,0.0570289530,46,-0.0860252455,47,0.0021661392,48,-0.0197514463,49,-0.0550276227,50,-0.0030813965,51,0.1175685301,52,0.1085134372,53,0.0912858173,54,0.0330173559,55,-0.1001896635,56,0.0105990693,57,0.0395463258,58,-0.0802291185,59,0.1140431464,149,-1.0000000000
10,0,0.0001073875,0,-0.0074148932,1,-0.0419844426,2,-0.0167392045,3,-0.0870638862,4,0.0503539778,5,-0.0002682102,6,0.0038392125,7,-0.0236849785,8,0.0222926829,9,-0.0039282241,10,-0.0053322082,11,-0.0093570836,12,0.0142159741,13,-0.0272425115,14,0.0030660576,15,0.0202911664,16,-0.0450584330,17,0.0386017002,18,-0.0451275297,19,-0.0159107670,20,-0.0517962947,21,-0.0395296477,22,-0.0558516309,23,-0.0199443363,24,0.0328183062,25,-0.0257050879,26,-0.0978774428,27,0.0187286660,28,0.0158620197,29,0.1026660204,30,0.0193132535,31,-0.0039235065,32,-0.0179437380,33,0.0510921925,34,0.0501339324,35,-0.0129489321,36,-0.0463363566,37,-0.0038771133,38,-0.0292821582,39,0.0513453372,40,0.0486155972,41,0.0329306573,42,-0.0144843794,43,0.0946232006,44,-0.0538476259,45,0.0201596227,46,0.0100160073,47,0.0337882489,48,-0.0137758097,49,0.1083275452,50,0.0684948266,51,-0.0174442939,52,-0.0324452892,53,0.0241841525,54,0.0302553661,55,0.0073882355,56,-0.0751499608,57,-0.0664842352,58,0.0044093258,59,0.0465500876,150,-1.0000000000
11,0,-0.0004553475,0,-0.0207443517,1,0.0930606127,2,0.0262957327,3,-0.0443145782,4,-0.1283621490,5,-0.0477752276,6,0.0344700515,7,-0.1088195294,8,0.0610202625,9,-0.1218770370,10,-0.0455208905,11,0.1210299432,12,0.0153590906,13,-0.1196335554,14,-0.0442832224,15,0.1018976867,16,0.1587941945,17,-0.1219993681,18,-0.0494471341,19,-0.0508591719,20,-0.0425517522,21,-0.0272661094,22,-0.0369991958,23,-0.0860475227,24,-0.0055823247,25,-0.0482804365,26,-0.0133311469,27,-0.0102198301,28,-0.1088794023,29,0.0279398821,30,-0.0901756659,31,-0.0060218461,32,-0.0750462934,33,-0.0101235341,34,-0.0423386879,35,-0.0568543710,36,0.0133222966,37,-0.0219562110,38,-0.0020867346,39,0.0724488273,40,0.0291538481,41,0.0614837147,42,-0.1104002744,43,0.0192282088,44,-0.0377352312,45,-0.0611675419,46,0.0103581045,47,-0.1150680706,48,0.1291637421,49,0.0284415334,50,-0.0559694134,51,0.0787993073,52,0.0938152373,53,0.0756196901,54,0.1138938442,55,0.0224330090,56,-0.0564004444,57,0.1007664502,58,0.0054768627,59,0.1040573642,151,-1.0000000000
12,0,0.0001826503,0,-0.0643407553,1,0.0700565204,2,0.0318585113,3,-0.0327694155,4,-0.0896393433,5,-0.0561497770,6,-0.0217677765,7,-0.0560378395,8,0.0497308150,9,-0.0835997909,10,-0.0025149516,11,0.1127257422,12,0.0646822453,13,-0.0761535242,14,-0.0597300231,15,0.0775461942,16,0.0869319588,17,-0.0478525497,18,-0.0012868575,19,-0.0328745730,20,-0.0053203348,21,-0.0699286014,22,-0.0547206774,23,-0.0574224852,24,0.0265050866,25,-0.0429106727,26,-0.0382338017,27,0.0139676630,28,-0.0214665383,29,0.0633223355,30,-0.0763403624,31,-0.0463105440,32,-0.0937420204,33,-0.0432494693,34,0.0127090029,35,-0.0625726804,36,-0.0067118616,37,-0.0597049184,38,0.0462100916,39,0.0338417552,40,-0.0042344220,41,0.0115100024,42,-0.1858801544,43,0.0671281442,44,0.0039621475,45,0.0158837587,46,0.0376037769,47,-0.0414175205,48,0.0801705718,49,0.0349751115,50,-0.0373302102,51,0.0090703433,52,0.0480377600,53,0.0388114788,54,0.0590009838,55,0.0642756894,56,-0.0333511010,57,0.0742797628,58,0.0445164256,59,0.0473788418,152,-1.0000000000
13,0,0.0003925437,0,-0.0910414159,1,0.0629929006,2,0.0712212026,3,0.0628014132,4,-0.0439966545,5,-0.0615951046,6,-0.0619344823,7,0.0589488484,8,0.0197453797,9,-0.0113061965,10,0.0287840553,11,0.0431630127,12,0.0920839980,13,0.0136599718,14,-0.0226953700,15,0.0115644531,16,0.0032901943,17,0.0375231169,18,0.0651429072,19,0.0310070273,20,0.0971566439,21,-0.0806230605,22,-0.0336868651,23,-0.0005366511,24,0.0308106914,25,0.0174582303,26,0.0273415893,27,0.0037148648,28,0.0953066424,29,-0.0388166159,30,-0.0150396470,31,-0.0681031272,32,-0.0267353617,33,-0.1151690558,34,0.0229956638,35,-0.0595769845,36,-0.0032278409,37,-0.0543238670,38,0.1220479384,39,-0.0805428550,40,-0.0593946539,41,-0.0487061515,42,-0.1585797668,43,0.0081226490,44,0.0708724409,45,0.0656350106,46,0.0463870578,47,0.0407948121,48,-0.0082079750,49,-0.0656060129,50,-0.0855429322,51,-0.0757991746,52,0.0060041440,53,-0.0320265740,54,-0.0386750773,55,0.0754225925,56,0.0551749393,57,0.0587971248,58,0.0594741590,59,-0.0840971097,153,-1.0000000000
14,0,-0.0015703453,0,0.0196003560,1,0.0709130540,2,-0.0326488838,3,0.2530749142,4,-0.1559571922,5,0.1441203952,6,-0.0647558868,7,0.0902994648,8,-0.0736194029,9,-0.0345106572,10,0.0613133498,11,0.0653674975,12,0.0026593294,13,0.1971499622,14,-0.1386277676,15,-0.0411904156,16,0.0191077311,17,-0.0096065989,18,0.1848762780,19,0.0386355892,20,0.1742726266,21,0.1162016466,22,0.2603005469,23,0.0533721149,24,-0.1758267134,25,0.0683218241,26,0.1607955247,27,-0.0556755960,28,-0.0399022065,29,-0.1403132975,30,-0.1452443749,31,0.0365466699,32,-0.0443075411,33,-0.1740587503,34,-0.1259880513,35,0.0194535367,36,0.1413824111,37,-0.0183709096,38,0.1494917274,39,-0.1648870558,40,-0.2157830298,41,-0.1740456372,42,-0.2173255086,43,-0.1699404716,44,0.2666109800,45,0.1398140490,46,-0.0009511968,47,0.0108163273,48,0.0144786872,49,-0.2696045637,50,-0.1355714649,51,0.0611215755,52,0.1929087788,53,0.0169147849,54,-0.0718327239,55,0.0100058010,56,0.1665063351,57,0.2328868955,58,0.0298697352,59,-0.0111969970,154,-1.0000000000
15,0,-0.0040228181,0,0.0911310837,1,-0.0803714618,2,-0.1032054797,3,-0.0425250828,4,0.0418898985,5,0.1877051294,6,0.0753862858,7,-0.0038387750,8,-0.0269584302,9,0.0311993007,10,-0.0389104523,11,-0.0328920782,12,-0.1359118819,13,0.1180904955,14,-0.0436230376,15,-0.0710196421,16,-0.0873475745,17,0.0236541498,18,-0.0092248796,19,0.0076439059,20,-0.0791749209,21,0.1504898071,22,0.1419364810,23,0.0595180914,24,-0.0978247300,25,0.0246054213,26,-0.0525237508,27,-0.0502514206,28,-0.0934730470,29,0.0814067498,30,0.0079588909,31,0.0829402506,32,0.0051910728,33,0.1343560964,34,-0.0660485625,35,0.0754195079,36,0.0654848292,37,0.0815350562,38,-0.0755115375,39,0.0608991720,40,-0.0232954677,41,0.0197828114,42,0.0727663636,43,-0.0321725421,44,-0.0256240238,45,-0.0120905079,46,-0.0130281840,47,0.0006775813,48,0.0025349206,49,0.0504311994,50,0.1255956441,51,0.0730655044,52,0.0447953939,53,0.0261833202,54,0.0019401589,55,-0.0594910607,56,-0.0571514666,57,-0.0424537882,58,-0.0273766331,59,0.0967927948,155,-1.0000000000
16,0,-0.0003138445,0,0.0381666981,1,-0.1484245211,2,-0.2541452348,3,-0.0416072831,4,0.0259315651,5,0.0465183333,6,-0.1532786489,7,-0.2247632742,8,-0.1347303689,9,0.1015887782,10,0.1584308892,11,0.0428565666,12,-0.0756883770,13,0.0191734601,14,-0.2640702724,15,-0.0788047612,16,0.0409285054,17,-0.1837196499,18,0.1533985287,19,-0.2408621758,20,-0.2448458374,21,0.1569852680,22,0.0950239897,23,0.0926014259,24,0.0473971516,25,-0.2436560392,26,0.0639044270,27,0.2092146426,28,-0.2110679895,29,0.2001478225,30,-0.2292494774,31,-0.0692371801,32,-0.2712026238,33,0.0784079283,34,0.1274439991,35,0.2322596014,36,0.0662320852,37,-0.2185628116,38,-0.1713555157,39,0.2420765460,40,-0.0996031761,41,-0.1448086798,42,-0.0140629476,43,0.0617391393,44,0.1000057533,45,0.0668145493,46,0.0212298967,47,-0.1408554018,48,0.0408234037,49,0.0636107251,50,0.2124835253,51,0.1476178169,52,-0.0530859977,53,-0.0176863540,54,-0.0893524513,55,0.0714241192,56,0.1100582108,57,0.0484566167,58,0.0984857231,59,0.0790394768,156,-1.0000000000
17,0,0.0004131718,0,0.1072170287,1,-0.0421276949,2,-0.0734332576,3,0.0432066657,4,0.0004325979,5,0.0957794264,6,0.0137107316,7,-0.0043878881,8,-0.0583436079,9,-0.0321545117,10,0.0161195565,11,-0.0465010740,12,-0.0369798131,13,0.0340518914,14,0.0155370468,15,0.0110963015,16,-0.0048088753,17,-0.0115797082,18,-0.0235313401,19,-0.0058125430,20,0.0108145224,21,0.0748333558,22,0.1073052138,23,-0.0180351622,24,-0.1158986911,25,0.0253898688,26,0.0068901912,27,-0.0228801053,28,-0.0745254308,29,-0.0306201670,30,-0.0358959138,31,0.1072755232,32,0.0460336693,33,0.0077939564,34,-0.0573730953,35,0.0391845889,36,0.0074206977,37,0.0508352704,38,-0.0477466471,39,-0.0278378017,40,0.0184774026,41,-0.0335288867,42,0.0449266694,43,-0.0379957482,44,0.0455358326,45,0.0395504870,46,-0.0751400888,47,0.0094179977,48,-0.0252557900,49,-0.0266707037,50,0.0071759704,51,0.0905872732,52,0.0772623047,53,0.0758241639,54,0.0324478038,55,-0.0910569876,56,-0.0077428333,57,0.0079959445,58,-0.0745347366,59,0.0984215736,157,-1.0000000000
18,0,-0.0016452053,0,0.0619367361,1,-0.0485042110,2,-0.0504798889,3,0.0085989190,4,0.0348207951,5,0.1894777864,6,0.0754532665,7,0.0780562982,8,-0.0142557817,9,0.0378051698,10,-0.0476220511,11,-0.0408843122,12,-0.1112163439,13,0.1691030115,14,-0.0196055286,15,-0.0879970640,16,-0.1241994128,17,0.0840290040,18,0.0150771700,19,0.0679239556,20,0.0032012616,21,0.1278914660,22,0.1518673301,23,0.0755313635,24,-0.1078658998,25,0.0817762911,26,-0.0376213901,27,-0.0854711756,28,-0.0229005944,29,0.0261141974,30,0.0465073436,31,0.0741267130,32,0.0464036502,33,0.0862903148,34,-0.0843123496,35,0.0380173512,36,0.0729152411,37,0.1019695252,38,-0.0025996226,39,-0.0215930194,40,-0.0555464663,41,0.0067745037,42,0.0415516756,43,-0.0644378811,44,0.0034752649,45,0.0097018639,46,0.0032275289,47,0.0532241352,48,-0.0244032331,49,-0.0070821517,50,0.0710009858,51,0.0191605296,52,0.0533594862,53,-0.0012796442,54,-0.0290011819,55,-0.0483454242,56,-0.0345554948,57,-0.0326273367,58,-0.0183636043,59,0.0372045636,158,-1.0000000000
19,0,0.0002120224,0,-0.1279684901,1,0.2675105333,2,0.0795800835,3,-0.0195779577,4,-0.3428599834,5,0.2527364194,6,0.2267497480,7,-0.0361165516,8,0.2044520229,9,-0.1278351545,10,-0.2428114712,11,0.3682248592,12,-0.2169384509,13,0.1621797830,14,-0.3051900566,15,-0.0536359623,16,0.1541778445,17,-0.1280335188,18,0.1050901189,19,0.0695076138,20,-0.0501971208,21,0.2156247944,22,0.2362967730,23,0.0839628801,24,-0.1335445344,25,0.0577327609,26,0.0185719132,27,-0.2330113202,28,-0.2439405173,29,0.0913931802,30,-0.1220520735,31,-0.0620674677,32,-0.2324749380,33,0.0923463777,34,-0.2976673543,35,-0.0943031833,36,0.3317581713,37,0.0751646310,38,0.1695616096,39,0.1289094090,40,-0.2643660009,41,0.1374132037,42,-0.3323520124,43,-0.1854019314,44,-0.0268670321,45,-0.1836783439,46,0.2242254764,47,-0.2308636755,48,0.3687039614,49,-0.0822380036,50,-0.0599757396,51,0.1089661941,52,0.2952977121,53,-0.0109685231,54,0.0764445662,55,0.1649573147,56,-0.0709694400,57,0.3116167784,58,0.1780402362,59,0.1138791665,159,-1.0000000000
20,0,-0.0010560860,0,-0.0103215221,1,0.0006671058,2,-0.0262532644,3,0.0184786804,4,-0.0190840084,5,0.0331410356,6,-0.0043679117,7,-0.0156852789,8,-0.0108335568,9,0.0378289297,10,0.0040456089,11,0.0285924114,12,-0.0460309237,13,0.0450123399,14,-0.0655880198,15,-0.0491063073,16,0.0060387938,17,-0.0326467194,18,0.0575697534,19,-0.0181409139,20,-0.0317880996,21,0.0607534386,22,0.0529148169,23,0.0511655696,24,0.0005984649,25,-0.0220695063,26,0.0491678081,27,0.0085823191,28,-0.0396916009,29,0.0075208964,30,-0.0280455388,31,-0.0281940773,32,-0.0534433015,33,0.0173855126,34,-0.0109112738,35,0.0419852920,36,0.0572080165,37,-0.0245760959,38,-0.0034579956,39,0.0349377096,40,-0.0616186969,41,-0.0208582766,42,-0.0036440264,43,-0.0421599075,44,0.0241409913,45,-0.0182227883,46,0.0330038778,47,-0.0415549167,48,0.0298432540,49,-0.0342220217,50,0.0229692161,51,0.0163060017,52,-0.0009743945,53,-0.0403902531,54,-0.0419939570,55,0.0326148272,56,0.0459578335,57,0.0370656960,58,0.0417342372,59,-0.0224234406,160,-1.0000000000
21,0,-0.0013985200,0,-0.0588746592,1,0.1387672126,2,0.2173217088,3,-0.0124381976,4,-0.0534003563,5,0.1334238499,6,0.1656947285,7,0.2800625265,8,0.1705314517,9,-0.1702279896,10,-0.1760841459,11,0.0217066966,12,0.0853215978,13,0.1171028242,14,0.1518577188,15,0.0870314166,16,-0.1630335003,17,0.3052986264,18,-0.1339317858,19,0.2846721411,20,0.2689223289,21,-0.1448111683,22,0.0051420778,23,-0.0890706480,24,-0.1526473612,25,0.2882476151,26,-0.2502331436,27,-0.2772617340,28,0.2216784656,29,-0.0053737052,30,0.1743877232,31,0.1028829068,32,0.1970820725,33,-0.0556558296,34,-0.1636116505,35,-0.2890914083,36,-0.0336844437,37,0.2426073104,38,0.2639560103,39,-0.2533035278,40,0.0328180529,41,0.1267538667,42,-0.2404754907,43,0.0401977487,44,-0.0540166087,45,0.0834781975,46,0.0319660157,47,0.2440566272,48,-0.0292642582,49,0.0349886008,50,-0.1421373934,51,-0.1495349854,52,0.1823402047,53,0.0978329033,54,0.1263629198,55,-0.0357544534,56,-0.2297943681,57,-0.0308092590,58,-0.0524325036,59,0.0491248295,161,-1.0000000000
22,0,-0.0032425793,0,0.1292128265,1,0.0187943056,2,-0.0663252175,3,-0.0941965953,4,-0.1005015522,5,0.0782137662,6,0.0792578682,7,-0.1304764748,8,0.0218025651,9,-0.2281180471,10,-0.0490549840,11,0.0597404391,12,0.0113565279,13,-0.1328791678,14,0.0153256161,15,0.1901540905,16,0.1238744557,17,-0.0859547332,18,-0.1812672168,19,-0.0542039089,20,-0.0519563071,21,-0.0042272834,22,0.0332997926,23,-0.1831970811,24,-0.1584688723,25,-0.0126281800,26,-0.1639695913,27,-0.0535384230,28,-0.1876457036,29,0.1049156189,30,-0.1166519374,31,0.1715188026,32,-0.0002250453,33,0.0407187492,34,-0.0963985920,35,-0.0657625496,36,-0.0494828857,37,0.0755122602,38,-0.0772980601,39,0.0626030415,40,0.1443499774,41,0.0757213533,42,-0.0926522389,43,0.0930895135,44,-0.0440623313,45,0.0257085338,46,-0.1081649736,47,-0.0535833314,48,0.0950895920,49,0.1369512081,50,-0.0032717460,51,0.1904573292,52,0.2055711597,53,0.2496174276,54,0.2480930835,55,-0.1227658391,56,-0.2089136094,57,0.0439546481,58,-0.1285429448,59,0.3194639683,162,-1.0000000000
23,0,-0.0030099656,0,-0.0975897908,1,-0.0377855562,2,-0.0099777300,3,-0.0325151496,4,0.0571418181,5,0.1042843089,6,-0.0010212603,7,0.0803123042,8,0.0256476346,9,0.1363153458,10,-0.0145097980,11,0.0288518071,12,-0.0833025053,13,0.1753610075,14,-0.1234451234,15,-0.1552108377,16,-0.1495410204,17,0.0996320397,18,0.1315583587,19,0.0463469476,20,-0.0438603908,21,0.0803456530,22,0.0666720420,23,0.1557548642,24,0.0566151217,25,0.0080691334,26,-0.0178488530,27,-0.0114066005,28,0.0685277283,29,0.1101224199,30,0.0522415861,31,-0.1072225869,32,-0.0903664455,33,0.0792597383,34,0.0305573530,35,0.0527460240,36,0.1002462059,37,-0.0303057563,38,0.0648688599,39,0.0464573242,40,-0.1477082670,41,-0.0252810195,42,-0.0578174666,43,-0.0109979501,44,0.0072910185,45,0.0120894844,46,0.1328051388,47,0.0476450138,48,-0.0090998029,49,0.0169008970,50,0.1151708215,51,-0.1011644378,52,-0.0713156313,53,-0.1371614486,54,-0.1409891695,55,0.1183731183,56,0.0463731922,57,-0.0313698426,58,0.1349175274,59,-0.1150899976,163,-1.0000000000
24,0,-0.0000829341,0,-0.0058070589,1,0.0108583625,2,0.0091915997,3,0.0028328055,4,-0.0098033575,5,-0.0088059073,6,-0.0002812058,7,0.0005792794,8,0.0054108091,9,-0.0096297162,10,-0.0019556107,11,0.0079694446,12,0.0094855987,13,-0.0089498991,14,0.0020596506,15,0.0094888937,16,0.0098804366,17,-0.0020426840,18,-0.0021768857,19,0.0024107373,20,0.0081123728,21,-0.0107057393,22,-0.0066893664,23,-0.0079298439,24,0.0004493030,25,0.0022054354,26,0.0004460072,27,-0.0029126317,28,0.0031529739,29,-0.0051933965,30,-0.0027044869,31,-0.0020384877,32,-0.0005417906,33,-0.0099243792,34,-0.0025120005,35,-0.0105126863,36,-0.0021174031,37,-0.0011443021,38,0.0085633015,39,-0.0057705957,40,0.0014230151,41,0.0017573225,42,-0.0156063875,43,0.0014639363,44,0.0013920690,45,0.0002691602,46,0.0009400851,47,-0.0010880101,48,0.0048758159,49,-0.0036635594,50,-0.0123890126,51,-0.0018484220,52,0.0049608015,53,0.0031245388,54,0.0058655487,55,0.0029187852,56,-0.0008709832,57,0.0078164414,58,0.0004218077,59,-0.0009067203,164,-1.0000000000
25,0,0.0006714900,0,-0.0682199895,1,0.0461664759,2,0.0313045718,3,-0.0835719705,4,-0.0478343479,5,-0.0619812645,6,-0.0053397887,7,-0.0654483587,8,0.0630226433,9,-0.0547685549,10,-0.0178193618,11,0.0878679901,12,0.0475394875,13,-0.0831235051,14,-0.0474517345,15,0.0614340082,16,0.0581949875,17,-0.0352460220,18,-0.0229003169,19,-0.0376502723,20,-0.0477122962,21,-0.0736155361,22,-0.0869314894,23,-0.0470527187,24,0.0592732504,25,-0.0550460592,26,-0.0712496266,27,0.0215510335,28,-0.0137748905,29,0.0998505428,30,-0.0411336944,31,-0.0574072488,32,-0.0849322379,33,0.0043956717,34,0.0355037004,35,-0.0554032624,36,-0.0197215490,37,-0.0531125404,38,0.0196592305,39,0.0719145983,40,0.0181927085,41,0.0439631827,42,-0.1165518016,43,0.0921768397,44,-0.0460842699,45,-0.0094365822,46,0.0479834490,47,-0.0394063108,48,0.0701493248,49,0.0867104679,50,0.0072699641,51,-0.0073341806,52,0.0069574174,53,0.0223602504,54,0.0560867563,55,0.0663987547,56,-0.0628808141,57,0.0251561832,58,0.0488612652,59,0.0406924188,165,-1.0000000000
26,0,-0.0016182341,0,-0.1020746157,1,-0.0065131737,2,0.0115766376,3,0.0806373358,4,0.0195224043,5,0.0552250296,6,-0.0786301196,7,0.1211373955,8,-0.0185776725,9,0.1132963896,10,0.0516141839,11,0.0123082381,12,0.0100130411,13,0.1901922226,14,-0.1119230315,15,-0.1308351010,16,-0.1355458945,17,0.1085659042,18,0.1802515686,19,0.0502468199,20,0.0728708506,21,0.0246332530,22,0.0686008409,23,0.1375683993,24,0.0240863189,25,0.0270802882,26,0.0461199060,27,0.0065235696,28,0.1194945201,29,0.0131315263,30,0.0033713933,31,-0.1043197066,32,-0.0681587830,33,-0.0581959188,34,0.0353754200,35,0.0233915150,36,0.0719587430,37,-0.0638487786,38,0.1273611784,39,-0.0695961118,40,-0.1783274263,41,-0.1075180247,42,-0.1279153526,43,-0.0285195746,44,0.1160472855,45,0.1005151346,46,0.1061795801,47,0.0843720958,48,-0.0506961532,49,-0.0844769254,50,0.0145893255,51,-0.1145195216,52,-0.0346928500,53,-0.1262040734,54,-0.1701665074,55,0.1184132695,56,0.1179833487,57,0.0298061073,58,0.1305173188,59,-0.1562627852,166,-1.0000000000
27,0,-0.0013413385,0,0.1016206220,1,-0.0850575566,2,-0.1002365053,3,0.0282369051,4,0.0489300154,5,0.3001928329,6,0.0978847072,7,0.1141309142,8,-0.0411503576,9,0.0671076924,10,-0.0521653965,11,-0.0604106672,12,-0.1793812513,13,0.2719546556,14,-0.0519903265,15,-0.1496514082,16,-0.1910989285,17,0.1187094599,18,0.0472984053,19,0.0919967592,20,0.0018359679,21,0.2187002599,22,0.2557463646,23,0.1310146004,24,-0.1752505451,25,0.1160592884,26,-0.0332357846,27,-0.1207156479,28,-0.0465817563,29,0.0346823037,30,0.0451960899,31,0.1125718951,32,0.0508378036,33,0.1243740246,34,-0.1282097846,35,0.0804248080,36,0.1252812296,37,0.1428871304,38,-0.0075580045,39,-0.0285565015,40,-0.1067445353,41,-0.0167065952,42,0.0539332256,43,-0.1081218645,44,0.0321172476,45,0.0303893816,46,0.0028931487,47,0.0729927644,48,-0.0378617309,49,-0.0248976108,50,0.1164928079,51,0.0405581556,52,0.0855975226,53,-0.0036868323,54,-0.0599446148,55,-0.0692601874,56,-0.0251935069,57,-0.0316892751,58,-0.0197237562,59,0.0552535020,167,-1.0000000000
28,0,-0.0000365181,0,-0.0177591741,1,0.0273930430,2,0.0297912955,3,0.0012644355,4,-0.0194515157,5,0.0040068617,6,0.0159431826,7,0.0225021336,8,0.0249546021,9,-0.0201560557,10,-0.0208292194,11,0.0176813174,12,0.0123015791,13,0.0053646439,14,0.0078405077,15,0.0120591335,16,-0.0028809037,17,0.0195355453,18,-0.0085184397,19,0.0259403940,20,0.0255432427,21,-0.0184908863,22,-0.0050885025,23,-0.0105403233,24,-0.0090116635,25,0.0241658743,26,-0.0165314078,27,-0.0271559674,28,0.0190813057,29,-0.0035080377,30,0.0117405998,31,0.0003687913,32,0.0098653976,33,-0.0129948361,34,-0.0186257288,35,-0.0319348350,36,0.0009742785,37,0.0176458266,38,0.0317182317,39,-0.0209319424,40,-0.0029275594,41,0.0147757819,42,-0.0315316208,43,0.0015001599,44,-0.0036667155,45,0.0023488880,46,0.0112810181,47,0.0130683510,48,0.0089263087,49,-0.0027615717,50,-0.0235988628,51,-0.0166102070,52,0.0200796854,53,0.0059923450,54,0.0137041062,55,0.0073621548,56,-0.0181204267,57,0.0108479792,58,0.0031941759,59,-0.0000512589,168,-1.0000000000
29,0,-0.0005855618,0,-0.0906283483,1,-0.0424920879,2,0.0019969128,3,-0.2864638269,4,0.0773513764,5,0.1794086248,6,0.1680615693,7,0.0054402165,8,0.1554551721,9,0.0571202263,10,-0.1659498811,11,0.0763299242,12,-0.1545982510,13,0.1210272536,14,-0.1034499705,15,-0.1008753181,16,-0.1933735460,17,0.1382219642,18,-0.0499511734,19,0.0574227124,20,-0.1951544434,21,0.0562125593,22,-0.0175250228,23,0.0985910818,24,0.0539464727,25,0.0119907027,26,-0.2728579938,27,-0.0926828757,28,0.0006679952,29,0.3424927294,30,0.1236756742,31,-0.0607585907,32,-0.0950687602,33,0.2903739810,34,-0.0050715618,35,-0.0308662895,36,0.0674388930,37,0.0858638957,38,-0.0117684659,39,0.2092374414,40,-0.0265558083,41,0.1849214286,42,-0.0575989224,43,0.1371758133,44,-0.2272852957,45,-0.0906523094,46,0.1713632494,47,0.0304249339,48,0.0805908069,49,0.2863869071,50,0.2598804832,51,-0.0782552585,52,-0.0380715951,53,-0.0511130951,54,0.0222243201,55,0.1013222709,56,-0.2330438197,57,-0.1443465799,58,0.1164643243,59,0.0743927211,169,-1.0000000000
30,0,-0.0002048721,60,0.1050491109,61,-0.0746257082,62,-0.0756570250,63,-0.0754151940,64,0.0531671308,65,0.1750523299,66,0.1002028361,67,0.0077207140,68,-0.0058762757,69,-0.0182867944,70,-0.0585092790,71,-0.0515576303,72,-0.0998691544,73,0.0706870183,74,0.0209564995,75,-0.0156778507,76,-0.0902999267,77,0.0570614114,78,-0.0839764774,79,0.0287749637,80,-0.0571729392,81,0.0938785151,82,0.0956067964,83,0.0020832897,84,-0.1111941338,85,0.0505790263,86,-0.1303694099,87,-0.0732537508,88,-0.0660680905,89,0.0923486277,90,0.0363597684,91,0.1220510304,92,0.0568882525,93,0.1351011544,94,-0.0680480227,95,0.0251688976,96,0.0124393189,97,0.1229113936,98,-0.0730025470,99,0.0374809094,100,0.0459727943,101,0.0550040305,102,0.0709346682,103,0.0146849137,104,-0.0608331226,105,-0.0004746080,106,-0.0429751985,107,0.0391263850,108,-0.0151961166,109,0.1025668755,110,0.1078249067,111,0.0642495006,112,0.0590588935,113,0.0791222006,114,0.0628928170,115,-0.0947790071,116,-0.1364302188,117,-0.0779715851,118,-0.0714211017,119,0.1483924985,170,-1.0000000000
31,0,0.0003495819,60,0.0947228223,61,-0.2213817984,62,-0.1322261691,63,-0.0331551880,64,0.2202926278,65,-0.0070055109,66,-0.1696781516,67,0.0352043621,68,-0.1410927325,69,0.0345074423,70,0.1804888546,71,-0.2016042173,72,0.1491163075,73,0.0015881994,74,0.0858119130,75,0.0451594889,76,-0.1931877732,77,0.1585460007,78,-0.0417328216,79,-0.0509045348,80,0.0235698503,81,-0.1122242138,82,-0.0580910258,83,-0.0538947135,84,-0.0049463827,85,-0.0364184082,86,-0.1625055075,87,0.1344828606,88,0.1365328133,89,0.1284025311,90,-0.0057386216,91,0.0775327682,92,0.0676843151,93,-0.0375108048,94,0.1923893690,95,0.0539319590,96,-0.2001206726,97,-0.0598753691,98,-0.0750971809,99,-0.0685940608,100,0.1237469986,101,-0.1372292340,102,0.0202001724,103,0.2298269272,104,0.0828380212,105,0.2709592283,106,-0.1230858862,107,0.2251373827,108,-0.2430502623,109,0.1511405855,110,0.1263282895,111,-0.0388927460,112,-0.0949272215,113,0.0935980007,114,-0.0247768052,115,-0.0886475816,116,-0.0388781354,117,-0.1948512346,118,-0.0845166966,119,0.0625226647,171,-1.0000000000
32,0,-0.0012237682,60,0.0326639786,61,-0.0026205252,62,-0.0376959741,63,0.0629385188,64,-0.0286075715,65,0.0076860720,66,-0.0355645642,67,-0.0195313655,68,-0.0456535257,69,-0.0109920297,70,0.0399365574,71,-0.0001262929,72,0.0052193711,73,0.0051135020,74,-0.0252149347,75,0.0061222576,76,0.0375567861,77,-0.0446614623,78,0.0319480561,79,-0.0283832662,80,0.0168832857,81,0.0318189450,82,0.0531383827,83,-0.0039345259,84,-0.0371217430,85,-0.0152853262,86,0.0597993694,87,0.0197903980,88,-0.0424150378,89,-0.0440522060,90,-0.0600279123,91,0.0207900107,92,-0.0139431125,93,-0.0435684919,94,-0.0118232463,95,0.0315168574,96,0.0139027508,97,-0.0244483724,98,-0.0091652004,99,-0.0193605702,100,-0.0221076664,101,-0.0559454188,102,-0.0071109328,103,-0.0342677869,104,0.0703622475,105,0.0315052085,106,-0.0299768616,107,-0.0217351895,108,-0.0009005018,109,-0.0611118525,110,-0.0273681711,111,0.0480740704,112,0.0336924791,113,0.0202017501,114,-0.0075233560,115,-0.0181619991,116,0.0536988005,117,0.0511278287,118,-0.0135104889,119,0.0147475181,172,-1.0000000000
33,0,-0.0010115446,60,-0.0320525989,61,-0.0045328522,62,0.0074946801,63,-0.1103598401,64,0.0118371584,65,-0.0276658833,66,0.0095288428,67,-0.0448582843,68,0.0451675802,69,-0.0281459298,70,-0.0187066142,71,0.0324660167,72,0.0242945496,73,-0.0581967197,74,-0.0109248115,75,0.0407178476,76,-0.0006545234,77,0.0065728603,78,-0.0478450209,79,-0.0230904706,80,-0.0603948049,81,-0.0558751486,82,-0.0761465728,83,-0.0352087803,84,0.0453738682,85,-0.0363477655,86,-0.1090862751,87,0.0157244243,88,0.0021216364,89,0.1286752820,90,0.0004786063,91,-0.0240834113,92,-0.0424948633,93,0.0458139144,94,0.0417334549,95,-0.0341627449,96,-0.0381277949,97,-0.0175935943,98,-0.0140001522,99,0.0725117773,100,0.0456622317,101,0.0506519116,102,-0.0501860604,103,0.1046836451,104,-0.0678959191,105,-0.0025787917,106,0.0246604737,107,0.0002440258,108,0.0258304793,109,0.1274591684,110,0.0510314144,111,-0.0129219117,112,-0.0170838814,113,0.0254529975,114,0.0493442491,115,0.0290785544,116,-0.0904661417,117,-0.0370208845,118,0.0186883062,119,0.0507902838,173,-1.0000000000
34,0,-0.0003287435,60,0.0139662987,61,0.0050648758,62,0.0449148156,63,0.0863657296,64,0.0245541967,65,0.0737175941,66,0.0165863875,67,0.1606239527,68,-0.0079828575,69,0.0027399592,70,-0.0108877448,71,-0.0618851334,72,0.0198762100,73,0.1229443103,74,0.0668682605,75,-0.0254991204,76,-0.1072758585,77,0.1401273608,78,0.0082852421,79,0.1167998835,80,0.1553115100,81,-0.0084984023,82,0.0642069131,83,0.0169457849,84,-0.0812568963,85,0.1285305470,86,-0.0082009658,87,-0.0841228962,88,0.1085381657,89,-0.0816439837,90,0.0712238774,91,0.0505498722,92,0.1074734107,93,-0.0584693700,94,-0.0528148673,95,-0.0469062030,96,-0.0027980877,97,0.0817931890,98,0.1031223685,99,-0.1670989245,100,-0.0266991239,101,-0.0280465260,102,-0.0353811383,103,-0.0469979607,104,0.0573981069,105,0.0764940009,106,-0.0184152778,107,0.1286234111,108,-0.0794389173,109,-0.0764000118,110,-0.0596357845,111,-0.0612582639,112,0.0431782380,113,-0.0031368902,114,-0.0314191245,115,-0.0401894972,116,0.0088299206,117,-0.0209130235,118,-0.0338679478,119,-0.0474371724,174,-1.0000000000
35,0,-0.0001576540,60,0.0820733830,61,-0.0093143424,62,-0.0270952228,63,-0.0039520855,64,-0.0036909645,65,0.1866502762,66,0.1243200824,67,0.0465550348,68,0.0127375890,69,-0.0007918244,70,-0.0884774327,71,-0.0211972557,72,-0.1367893815,73,0.1141128317,74,0.0159772281,75,-0.0592482723,76,-0.0559988320,77,0.0336847045,78,-0.0345081352,79,0.0685369372,80,-0.0119759031,81,0.1393815577,82,0.1481348425,83,0.0445771702,84,-0.1282746643,85,0.0886622593,86,-0.0193081871,87,-0.1144107655,88,-0.0744402036,89,-0.0155803384,90,0.0583419427,91,0.1012213528,92,0.0713873729,93,0.1021510214,94,-0.1321722567,95,0.0178921372,96,0.0814449787,97,0.1373683214,98,-0.0253271405,99,-0.0014418226,100,-0.0183766689,101,0.0566817485,102,0.0846718550,103,-0.0993819535,104,-0.0440631211,105,-0.0660926551,106,-0.0132426154,107,-0.0020514037,108,0.0223787576,109,-0.0133296130,110,0.0386225246,111,0.0576356538,112,0.0863126144,113,0.0222513117,114,0.0236552339,115,-0.0759964213,116,-0.0573796853,117,-0.0161491912,118,-0.0498842150,119,0.0757035762,175,-1.0000000000
36,0,-0.0000808130,60,0.0961594433,61,0.0070569445,62,-0.0711278617,63,0.1515424252,64,-0.0900884792,65,-0.0186401792,66,-0.1405631602,67,-0.0318206884,68,-0.1110445186,69,-0.1568190008,70,0.1408000290,71,-0.0034077943,72,0.1576909274,73,-0.0606611930,74,-0.0037752194,75,0.1551761329,76,0.1054217219,77,-0.0620736741,78,0.0064204000,79,-0.0626648068,80,0.1309141815,81,-0.0488895550,82,0.0698061362,83,-0.1392530948,84,-0.1408443004,85,-0.0163142588,86,0.0430372655,87,0.0493734181,88,-0.0519036986,89,-0.0853022859,90,-0.1991689205,91,0.1099079549,92,-0.0000258752,93,-0.2134930044,94,-0.0084823063,95,-0.0138947237,96,-0.0680654570,97,-0.0641881078,98,0.0256969910,99,-0.1322400719,100,0.0280791223,101,-0.1615547687,102,-0.1682000458,103,0.0262482669,104,0.2163366675,105,0.2269965708,106,-0.1392438263,107,0.0267308541,108,-0.0382833146,109,-0.0982511044,110,-0.1330496371,111,0.1226083115,112,0.1602361947,113,0.1875499636,114,0.0763444230,115,-0.0822102502,116,0.0549600348,117,0.1278086901,118,-0.0906075612,119,0.1408767402,176,-1.0000000000
37,0,-0.0008896353,60,-0.0278104451,61,0.0270332526,62,0.0293468051,63,-0.0258448571,64,-0.0189787596,65,-0.0368619002,66,0.0007123111,67,-0.0122165792,68,0.0292276479,69,-0.0315973237,70,-0.0101405401,71,0.0286370758,72,0.0324636661,73,-0.0427946262,74,0.0052530300,75,0.0362621434,76,0.0251895878,77,-0.0039722566,78,-0.0208011735,79,-0.0016581842,80,0.0024594069,81,-0.0472678430,82,-0.0462745018,83,-0.0308013000,84,0.0226315744,85,-0.0074892845,86,-0.0300059188,87,0.0006021826,88,0.0126978420,89,0.0205400418,90,-0.0030374699,91,-0.0172994770,92,-0.0129223159,93,-0.0118908351,94,0.0107454974,95,-0.0384511538,96,-0.0198005904,97,-0.0108093843,98,0.0173413791,99,0.0072291307,100,0.0196836293,101,0.0213571507,102,-0.0472067930,103,0.0358796977,104,-0.0201389007,105,-0.0042912001,106,0.0112885553,107,-0.0043196781,108,0.0201721881,109,0.0278770346,110,-0.0177312810,111,-0.0131043373,112,0.0018007723,113,0.0118393069,114,0.0295423474,115,0.0185759626,116,-0.0286231879,117,0.0056118206,118,0.0082253898,119,0.0082158493,177,-1.0000000000
38,0,-0.0015851259,60,-0.2686652839,61,0.1053022295,62,0.1459862739,63,-0.0934686959,64,-0.0469154194,65,-0.0699112192,66,-0.0429025106,67,0.0754620433,68,0.1483383179,69,0.0176725108,70,-0.0324950665,71,0.1626487374,72,0.1060612872,73,0.0514358990,74,-0.1381016225,75,-0.0253813155,76,-0.0794932693,77,0.1243866459,78,0.1061988771,79,0.0575127415,80,0.0320815481,81,-0.1542943418,82,-0.1348987967,83,0.0538006499,84,0.1591722369,85,-0.0105831092,86,-0.1220088005,87,-0.0062803808,88,0.1835238338,89,0.1863805205,90,0.0218348894,91,-0.2246959955,92,-0.1674602479,93,-0.0432869829,94,0.0907594934,95,-0.1341247708,96,0.0230670925,97,-0.1095655859,98,0.2140218318,99,0.0195766855,100,-0.1295753866,101,0.0272893514,102,-0.3276899159,103,0.1412417442,104,-0.0229612421,105,0.0531875826,106,0.2223008573,107,0.0656365752,108,0.0613524653,109,0.0865291655,110,0.0042617037,111,-0.2076005787,112,-0.0460842028,113,-0.1166104823,114,-0.0666316748,115,0.2509784102,116,-0.0362847038,117,0.0333465524,118,0.2233346850,119,-0.1346141398,178,-1.0000000000
39,0,-0.0067902105,60,0.1230450571,61,-0.0413245447,62,-0.0934689343,63,0.0724391192,64,-0.0207479969,65,0.1208239347,66,0.0040937490,67,-0.0071540889,68,-0.0754994154,69,-0.0447140299,70,0.0270792171,71,-0.0394239090,72,-0.0430725291,73,0.0544511154,74,-0.0070340880,75,0.0114651192,76,0.0063506160,77,-0.0265549775,78,-0.0053957347,79,-0.0123829404,80,0.0226669498,81,0.1016164869,82,0.1463809907,83,-0.0168883260,84,-0.1441747993,85,0.0265374575,86,0.0265957154,87,-0.0250254422,88,-0.1009259671,89,-0.0433886871,90,-0.0686309859,91,0.1217209697,92,0.0361459926,93,-0.0085158674,94,-0.0769365206,95,0.0515716150,96,0.0250989646,97,0.0482198633,98,-0.0452231616,99,-0.0400632322,100,-0.0020966136,101,-0.0560366064,102,0.0240168814,103,-0.0586420707,104,0.0793602914,105,0.0570289530,106,-0.0860252455,107,0.0021661392,108,-0.0197514463,109,-0.0550276227,110,-0.0030813965,111,0.1175685301,112,0.1085134372,113,0.0912858173,114,0.0330173559,115,-0.1001896635,116,0.0105990693,117,0.0395463258,118,-0.0802291185,119,0.1140431464,179,-1.0000000000
40,0,0.0001073875,60,-0.0074148932,61,-0.0419844426,62,-0.0167392045,63,-0.0870638862,64,0.0503539778,65,-0.0002682102,66,0.0038392125,67,-0.0236849785,68,0.0222926829,69,-0.0039282241,70,-0.0053322082,71,-0.0093570836,72,0.0142159741,73,-0.0272425115,74,0.0030660576,75,0.0202911664,76,-0.0450584330,77,0.0386017002,78,-0.0451275297,79,-0.0159107670,80,-0.0517962947,81,-0.0395296477,82,-0.0558516309,83,-0.0199443363,84,0.0328183062,85,-0.0257050879,86,-0.0978774428,87,0.0187286660,88,0.0158620197,89,0.1026660204,90,0.0193132535,91,-0.0039235065,92,-0.0179437380,93,0.0510921925,94,0.0501339324,95,-0.0129489321,96,-0.0463363566,97,-0.0038771133,98,-0.0292821582,99,0.0513453372,100,0.0486155972,101,0.0329306573,102,-0.0144843794,103,0.0946232006,104,-0.0538476259,105,0.0201596227,106,0.0100160073,107,0.0337882489,108,-0.0137758097,109,0.1083275452,110,0.0684948266,111,-0.0174442939,112,-0.0324452892,113,0.0241841525,114,0.0302553661,115,0.0073882355,116,-0.0751499608,117,-0.0664842352,118,0.0044093258,119,0.0465500876,180,-1.0000000000
41,0,-0.0004553475,60,-0.0207443517,61,0.0930606127,62,0.0262957327,63,-0.0443145782,64,-0.1283621490,65,-0.0477752276,66,0.0344700515,67,-0.1088195294,68,0.0610202625,69,-0.1218770370,70,-0.0455208905,71,0.1210299432,72,0.0153590906,73,-0.1196335554,74,-0.0442832224,75,0.1018976867,76,0.1587941945,77,-0.1219993681,78,-0.0494471341,79,-0.0508591719,80,-0.0425517522,81,-0.0272661094,82,-0.0369991958,83,-0.0860475227,84,-0.0055823247,85,-0.0482804365,86,-0.0133311469,87,-0.0102198301,88,-0.1088794023,89,0.0279398821,90,-0.0901756659,91,-0.0060218461,92,-0.0750462934,93,-0.0101235341,94,-0.0423386879,95,-0.0568543710,96,0.0133222966,97,-0.0219562110,98,-0.0020867346,99,0.0724488273,100,0.0291538481,101,0.0614837147,102,-0.1104002744,103,0.0192282088,104,-0.0377352312,105,-0.0611675419,106,0.0103581045,107,-0.1150680706,108,0.1291637421,109,0.0284415334,110,-0.0559694134,111,0.0787993073,112,0.0938152373,113,0.0756196901,114,0.1138938442,115,0.0224330090,116,-0.0564004444,117,0.1007664502,118,0.0054768627,119,0.1040573642,181,-1.0000000000
42,0,0.0001826503,60,-0.0643407553,61,0.0700565204,62,0.0318585113,63,-0.0327694155,64,-0.0896393433,65,-0.0561497770,66,-0.0217677765,67,-0.0560378395,68,0.0497308150,69,-0.0835997909,70,-0.0025149516,71,0.1127257422,72,0.0646822453,73,-0.0761535242,74,-0.0597300231,75,0.0775461942,76,0.0869319588,77,-0.0478525497,78,-0.0012868575,79,-0.0328745730,80,-0.0053203348,81,-0.0699286014,82,-0.0547206774,83,-0.0574224852,84,0.0265050866,85,-0.0429106727,86,-0.0382338017,87,0.0139676630,88,-0.0214665383,89,0.0633223355,90,-0.0763403624,91,-0.0463105440,92,-0.0937420204,93,-0.0432494693,94,0.0127090029,95,-0.0625726804,96,-0.0067118616,97,-0.0597049184,98,0.0462100916,99,0.0338417552,100,-0.0042344220,101,0.0115100024,102,-0.1858801544,103,0.0671281442,104,0.0039621475,105,0.0158837587,106,0.0376037769,107,-0.0414175205,108,0.0801705718,109,0.0349751115,110,-0.0373302102,111,0.0090703433,112,0.0480377600,113,0.0388114788,114,0.0590009838,115,0.0642756894,116,-0.0333511010,117,0.0742797628,118,0.0445164256,119,0.0473788418,182,-1.0000000000
43,0,0.0003925437,60,-0.0910414159,61,0.0629929006,62,0.0712212026,63,0.0628014132,64,-0.0439966545,65,-0.0615951046,66,-0.0619344823,67,0.0589488484,68,0.0197453797,69,-0.0113061965,70,0.0287840553,71,0.0431630127,72,0.0920839980,73,0.0136599718,74,-0.0226953700,75,0.0115644531,76,0.0032901943,77,0.0375231169,78,0.0651429072,79,0.0310070273,80,0.0971566439,81,-0.0806230605,82,-0.0336868651,83,-0.0005366511,84,0.0308106914,85,0.0174582303,86,0.0273415893,87,0.0037148648,88,0.0953066424,89,-0.0388166159,90,-0.0150396470,91,-0.0681031272,92,-0.0267353617,93,-0.1151690558,94,0.0229956638,95,-0.0595769845,96,-0.0032278409,97,-0.0543238670,98,0.1220479384,99,-0.0805428550,100,-0.0593946539,101,-0.0487061515,102,-0.1585797668,103,0.0081226490,104,0.0708724409,105,0.0656350106,106,0.0463870578,107,0.0407948121,108,-0.0082079750,109,-0.0656060129,110,-0.0855429322,111,-0.0757991746,112,0.0060041440,113,-0.0320265740,114,-0.0386750773,115,0.0754225925,116,0.0551749393,117,0.0587971248,118,0.0594741590,119,-0.0840971097,183,-1.0000000000
44,0,-0.0015703453,60,0.0196003560,61,0.0709130540,62,-0.0326488838,63,0.2530749142,64,-0.1559571922,65,0.1441203952,66,-0.0647558868,67,0.0902994648,68,-0.0736194029,69,-0.0345106572,70,0.0613133498,71,0.0653674975,72,0.0026593294,73,0.1971499622,74,-0.1386277676,75,-0.0411904156,76,0.0191077311,77,-0.0096065989,78,0.1848762780,79,0.0386355892,80,0.1742726266,81,0.1162016466,82,0.2603005469,83,0.0533721149,84,-0.1758267134,85,0.0683218241,86,0.1607955247,87,-0.0556755960,88,-0.0399022065,89,-0.1403132975,90,-0.1452443749,91,0.0365466699,92,-0.0443075411,93,-0.1740587503,94,-0.1259880513,95,0.0194535367,96,0.1413824111,97,-0.0183709096,98,0.1494917274,99,-0.1648870558,100,-0.2157830298,101,-0.1740456372,102,-0.2173255086,103,-0.1699404716,104,0.2666109800,105,0.1398140490,106,-0.0009511968,107,0.0108163273,108,0.0144786872,109,-0.2696045637,110,-0.1355714649,111,0.0611215755,112,0.1929087788,113,0.0169147849,114,-0.0718327239,115,0.0100058010,116,0.1665063351,117,0.2328868955,118,0.0298697352,119,-0.0111969970,184,-1.0000000000
45,0,-0.0040228181,60,0.0911310837,61,-0.0803714618,62,-0.1032054797,63,-0.0425250828,64,0.0418898985,65,0.1877051294,66,0.0753862858,67,-0.0038387750,68,-0.0269584302,69,0.0311993007,70,-0.0389104523,71,-0.0328920782,72,-0.1359118819,73,0.1180904955,74,-0.0436230376,75,-0.0710196421,76,-0.0873475745,77,0.0236541498,78,-0.0092248796,79,0.0076439059,80,-0.0791749209,81,0.1504898071,82,0.1419364810,83,0.0595180914,84,-0.0978247300,85,0.0246054213,86,-0.0525237508,87,-0.0502514206,88,-0.0934730470,89,0.0814067498,90,0.0079588909,91,0.0829402506,92,0.0051910728,93,0.1343560964,94,-0.0660485625,95,0.0754195079,96,0.0654848292,97,0.0815350562,98,-0.0755115375,99,0.0608991720,100,-0.0232954677,101,0.0197828114,102,0.0727663636,103,-0.0321725421,104,-0.0256240238,105,-0.0120905079,106,-0.0130281840,107,0.0006775813,108,0.0025349206,109,0.0504311994,110,0.1255956441,111,0.0730655044,112,0.0447953939,113,0.0261833202,114,0.0019401589,115,-0.0594910607,116,-0.0571514666,117,-0.0424537882,118,-0.0273766331,119,0.0967927948,185,-1.0000000000
46,0,-0.0003138445,60,0.0381666981,61,-0.1484245211,62,-0.2541452348,63,-0.0416072831,64,0.0259315651,65,0.0465183333,66,-0.1532786489,67,-0.2247632742,68,-0.1347303689,69,0.1015887782,70,0.1584308892,71,0.0428565666,72,-0.0756883770,73,0.0191734601,74,-0.2640702724,75,-0.0788047612,76,0.0409285054,77,-0.1837196499,78,0.1533985287,79,-0.2408621758,80,-0.2448458374,81,0.1569852680,82,0.0950239897,83,0.0926014259,84,0.0473971516,85,-0.2436560392,86,0.0639044270,87,0.2092146426,88,-0.2110679895,89,0.2001478225,90,-0.2292494774,91,-0.0692371801,92,-0.2712026238,93,0.0784079283,94,0.1274439991,95,0.2322596014,96,0.0662320852,97,-0.2185628116,98,-0.1713555157,99,0.2420765460,100,-0.0996031761,101,-0.1448086798,102,-0.0140629476,103,0.0617391393,104,0.1000057533,105,0.0668145493,106,0.0212298967,107,-0.1408554018,108,0.0408234037,109,0.0636107251,110,0.2124835253,111,0.1476178169,112,-0.0530859977,113,-0.0176863540,114,-0.0893524513,115,0.0714241192,116,0.1100582108,117,0.0484566167,118,0.0984857231,119,0.0790394768,186,-1.0000000000
47,0,0.0004131718,60,0.1072170287,61,-0.0421276949,62,-0.0734332576,63,0.0432066657,64,0.0004325979,65,0.0957794264,66,0.0137107316,67,-0.0043878881,68,-0.0583436079,69,-0.0321545117,70,0.0161195565,71,-0.0465010740,72,-0.0369798131,73,0.0340518914,74,0.0155370468,75,0.0110963015,76,-0.0048088753,77,-0.0115797082,78,-0.0235313401,79,-0.0058125430,80,0.0108145224,81,0.0748333558,82,0.1073052138,83,-0.0180351622,84,-0.1158986911,85,0.0253898688,86,0.0068901912,87,-0.0228801053,88,-0.0745254308,89,-0.0306201670,90,-0.0358959138,91,0.1072755232,92,0.0460336693,93,0.0077939564,94,-0.0573730953,95,0.0391845889,96,0.0074206977,97,0.0508352704,98,-0.0477466471,99,-0.0278378017,100,0.0184774026,101,-0.0335288867,102,0.0449266694,103,-0.0379957482,104,0.0455358326,105,0.0395504870,106,-0.0751400888,107,0.0094179977,108,-0.0252557900,109,-0.0266707037,110,0.0071759704,111,0.0905872732,112,0.0772623047,113,0.0758241639,114,0.0324478038,115,-0.0910569876,116,-0.0077428333,117,0.0079959445,118,-0.0745347366,119,0.0984215736,187,-1.0000000000
48,0,-0.0016452053,60,0.0619367361,61,-0.0485042110,62,-0.0504798889,63,0.0085989190,64,0.0348207951,65,0.1894777864,66,0.0754532665,67,0.0780562982,68,-0.0142557817,69,0.0378051698,70,-0.0476220511,71,-0.0408843122,72,-0.1112163439,73,0.1691030115,74,-0.0196055286,75,-0.0879970640,76,-0.1241994128,77,0.0840290040,78,0.0150771700,79,0.0679239556,80,0.0032012616,81,0.1278914660,82,0.1518673301,83,0.0755313635,84,-0.1078658998,85,0.0817762911,86,-0.0376213901,87,-0.0854711756,88,-0.0229005944,89,0.0261141974,90,0.0465073436,91,0.0741267130,92,0.0464036502,93,0.0862903148,94,-0.0843123496,95,0.0380173512,96,0.0729152411,97,0.1019695252,98,-0.0025996226,99,-0.0215930194,100,-0.0555464663,101,0.0067745037,102,0.0415516756,103,-0.0644378811,104,0.0034752649,105,0.0097018639,106,0.0032275289,107,0.0532241352,108,-0.0244032331,109,-0.0070821517,110,0.0710009858,111,0.0191605296,112,0.0533594862,113,-0.0012796442,114,-0.0290011819,115,-0.0483454242,116,-0.0345554948,117,-0.0326273367,118,-0.0183636043,119,0.0372045636,188,-1.0000000000
49,0,0.0002120224,60,-0.1279684901,61,0.2675105333,62,0.0795800835,63,-0.0195779577,64,-0.3428599834,65,0.2527364194,66,0.2267497480,67,-0.0361165516,68,0.2044520229,69,-0.1278351545,70,-0.2428114712,71,0.3682248592,72,-0.2169384509,73,0.1621797830,74,-0.3051900566,75,-0.0536359623,76,0.1541778445,77,-0.1280335188,78,0.1050901189,79,0.0695076138,80,-0.0501971208,81,0.2156247944,82,0.2362967730,83,0.0839628801,84,-0.1335445344,85,0.0577327609,86,0.0185719132,87,-0.2330113202,88,-0.2439405173,89,0.0913931802,90,-0.1220520735,91,-0.0620674677,92,-0.2324749380,93,0.0923463777,94,-0.2976673543,95,-0.0943031833,96,0.3317581713,97,0.0751646310,98,0.1695616096,99,0.1289094090,100,-0.2643660009,101,0.1374132037,102,-0.3323520124,103,-0.1854019314,104,-0.0268670321,105,-0.1836783439,106,0.2242254764,107,-0.2308636755,108,0.3687039614,109,-0.0822380036,110,-0.0599757396,111,0.1089661941,112,0.2952977121,113,-0.0109685231,114,0.0764445662,115,0.1649573147,116,-0.0709694400,117,0.3116167784,118,0.1780402362,119,0.1138791665,189,-1.0000000000
50,0,-0.0010560860,60,-0.0103215221,61,0.0006671058,62,-0.0262532644,63,0.0184786804,64,-0.0190840084,65,0.0331410356,66,-0.0043679117,67,-0.0156852789,68,-0.0108335568,69,0.0378289297,70,0.0040456089,71,0.0285924114,72,-0.0460309237,73,0.0450123399,74,-0.0655880198,75,-0.0491063073,76,0.0060387938,77,-0.0326467194,78,0.0575697534,79,-0.0181409139,80,-0.0317880996,81,0.0607534386,82,0.0529148169,83,0.0511655696,84,0.0005984649,85,-0.0220695063,86,0.0491678081,87,0.0085823191,88,-0.0396916009,89,0.0075208964,90,-0.0280455388,91,-0.0281940773,92,-0.0534433015,93,0.0173855126,94,-0.0109112738,95,0.0419852920,96,0.0572080165,97,-0.0245760959,98,-0.0034579956,99,0.0349377096,100,-0.0616186969,101,-0.0208582766,102,-0.0036440264,103,-0.0421599075,104,0.0241409913,105,-0.0182227883,106,0.0330038778,107,-0.0415549167,108,0.0298432540,109,-0.0342220217,110,0.0229692161,111,0.0163060017,112,-0.0009743945,113,-0.0403902531,114,-0.0419939570,115,0.0326148272,116,0.0459578335,117,0.0370656960,118,0.0417342372,119,-0.0224234406,190,-1.0000000000
51,0,-0.0013985200,60,-0.0588746592,61,0.1387672126,62,0.2173217088,63,-0.0124381976,64,-0.0534003563,65,0.1334238499,66,0.1656947285,67,0.2800625265,68,0.1705314517,69,-0.1702279896,70,-0.1760841459,71,0.0217066966,72,0.0853215978,73,0.1171028242,74,0.1518577188,75,0.0870314166,76,-0.1630335003,77,0.3052986264,78,-0.1339317858,79,0.2846721411,80,0.2689223289,81,-0.1448111683,82,0.0051420778,83,-0.0890706480,84,-0.1526473612,85,0.2882476151,86,-0.2502331436,87,-0.2772617340,88,0.2216784656,89,-0.0053737052,90,0.1743877232,91,0.1028829068,92,0.1970820725,93,-0.0556558296,94,-0.1636116505,95,-0.2890914083,96,-0.0336844437,97,0.2426073104,98,0.2639560103,99,-0.2533035278,100,0.0328180529,101,0.1267538667,102,-0.2404754907,103,0.0401977487,104,-0.0540166087,105,0.0834781975,106,0.0319660157,107,0.2440566272,108,-0.0292642582,109,0.0349886008,110,-0.1421373934,111,-0.1495349854,112,0.1823402047,113,0.0978329033,114,0.1263629198,115,-0.0357544534,116,-0.2297943681,117,-0.0308092590,118,-0.0524325036,119,0.0491248295,191,-1.0000000000
52,0,-0.0032425793,60,0.1292128265,61,0.0187943056,62,-0.0663252175,63,-0.0941965953,64,-0.1005015522,65,0.0782137662,66,0.0792578682,67,-0.1304764748,68,0.0218025651,69,-0.2281180471,70,-0.0490549840,71,0.0597404391,72,0.0113565279,73,-0.1328791678,74,0.0153256161,75,0.1901540905,76,0.1238744557,77,-0.0859547332,78,-0.1812672168,79,-0.0542039089,80,-0.0519563071,81,-0.0042272834,82,0.0332997926,83,-0.1831970811,84,-0.1584688723,85,-0.0126281800,86,-0.1639695913,87,-0.0535384230,88,-0.1876457036,89,0.1049156189,90,-0.1166519374,91,0.1715188026,92,-0.0002250453,93,0.0407187492,94,-0.0963985920,95,-0.0657625496,96,-0.0494828857,97,0.0755122602,98,-0.0772980601,99,0.0626030415,100,0.1443499774,101,0.0757213533,102,-0.0926522389,103,0.0930895135,104,-0.0440623313,105,0.0257085338,106,-0.1081649736,107,-0.0535833314,108,0.0950895920,109,0.1369512081,110,-0.0032717460,111,0.1904573292,112,0.2055711597,113,0.2496174276,114,0.2480930835,115,-0.1227658391,116,-0.2089136094,117,0.0439546481,118,-0.1285429448,119,0.3194639683,192,-1.0000000000
53,0,-0.0030099656,60,-0.0975897908,61,-0.0377855562,62,-0.0099777300,63,-0.0325151496,64,0.0571418181,65,0.1042843089,66,-0.0010212603,67,0.0803123042,68,0.0256476346,69,0.1363153458,70,-0.0145097980,71,0.0288518071,72,-0.0833025053,73,0.1753610075,74,-0.1234451234,75,-0.1552108377,76,-0.1495410204,77,0.0996320397,78,0.1315583587,79,0.0463469476,80,-0.0438603908,81,0.0803456530,82,0.0666720420,83,0.1557548642,84,0.0566151217,85,0.0080691334,86,-0.0178488530,87,-0.0114066005,88,0.0685277283,89,0.1101224199,90,0.0522415861,91,-0.1072225869,92,-0.0903664455,93,0.0792597383,94,0.0305573530,95,0.0527460240,96,0.1002462059,97,-0.0303057563,98,0.0648688599,99,0.0464573242,100,-0.1477082670,101,-0.0252810195,102,-0.0578174666,103,-0.0109979501,104,0.0072910185,105,0.0120894844,106,0.1328051388,107,0.0476450138,108,-0.0090998029,109,0.0169008970,110,0.1151708215,111,-0.1011644378,112,-0.0713156313,113,-0.1371614486,114,-0.1409891695,115,0.1183731183,116,0.0463731922,117,-0.0313698426,118,0.1349175274,119,-0.1150899976,193,-1.0000000000
54,0,-0.0000829341,60,-0.0058070589,61,0.0108583625,62,0.0091915997,63,0.0028328055,64,-0.0098033575,65,-0.0088059073,66,-0.0002812058,67,0.0005792794,68,0.0054108091,69,-0.0096297162,70,-0.0019556107,71,0.0079694446,72,0.0094855987,73,-0.0089498991,74,0.0020596506,75,0.0094888937,76,0.0098804366,77,-0.0020426840,78,-0.0021768857,79,0.0024107373,80,0.0081123728,81,-0.0107057393,82,-0.0066893664,83,-0.0079298439,84,0.0004493030,85,0.0022054354,86,0.0004460072,87,-0.0029126317,88,0.0031529739,89,-0.0051933965,90,-0.0027044869,91,-0.0020384877,92,-0.0005417906,93,-0.0099243792,94,-0.0025120005,95,-0.0105126863,96,-0.0021174031,97,-0.0011443021,98,0.0085633015,99,-0.0057705957,100,0.0014230151,101,0.0017573225,102,-0.0156063875,103,0.0014639363,104,0.0013920690,105,0.0002691602,106,0.0009400851,107,-0.0010880101,108,0.0048758159,109,-0.0036635594,110,-0.0123890126,111,-0.0018484220,112,0.0049608015,113,0.0031245388,114,0.0058655487,115,0.0029187852,116,-0.0008709832,117,0.0078164414,118,0.0004218077,119,-0.0009067203,194,-1.0000000000
55,0,0.0006714900,60,-0.0682199895,61,0.0461664759,62,0.0313045718,63,-0.0835719705,64,-0.0478343479,65,-0.0619812645,66,-0.0053397887,67,-0.0654483587,68,0.0630226433,69,-0.0547685549,70,-0.0178193618,71,0.0878679901,72,0.0475394875,73,-0.0831235051,74,-0.0474517345,75,0.0614340082,76,0.0581949875,77,-0.0352460220,78,-0.0229003169,79,-0.0376502723,80,-0.0477122962,81,-0.0736155361,82,-0.0869314894,83,-0.0470527187,84,0.0592732504,85,-0.0550460592,86,-0.0712496266,87,0.0215510335,88,-0.0137748905,89,0.0998505428,90,-0.0411336944,91,-0.0574072488,92,-0.0849322379,93,0.0043956717,94,0.0355037004,95,-0.0554032624,96,-0.0197215490,97,-0.0531125404,98,0.0196592305,99,0.0719145983,100,0.0181927085,101,0.0439631827,102,-0.1165518016,103,0.0921768397,104,-0.0460842699,105,-0.0094365822,106,0.0479834490,107,-0.0394063108,108,0.0701493248,109,0.0867104679,110,0.0072699641,111,-0.0073341806,112,0.0069574174,113,0.0223602504,114,0.0560867563,115,0.0663987547,116,-0.0628808141,117,0.0251561832,118,0.0488612652,119,0.0406924188,195,-1.0000000000
56,0,-0.0016182341,60,-0.1020746157,61,-0.0065131737,62,0.0115766376,63,0.0806373358,64,0.0195224043,65,0.0552250296,66,-0.0786301196,67,0.1211373955,68,-0.0185776725,69,0.1132963896,70,0.0516141839,71,0.0123082381,72,0.0100130411,73,0.1901922226,74,-0.1119230315,75,-0.1308351010,76,-0.1355458945,77,0.1085659042,78,0.1802515686,79,0.0502468199,80,0.0728708506,81,0.0246332530,82,0.0686008409,83,0.1375683993,84,0.0240863189,85,0.0270802882,86,0.0461199060,87,0.0065235696,88,0.1194945201,89,0.0131315263,90,0.0033713933,91,-0.1043197066,92,-0.0681587830,93,-0.0581959188,94,0.0353754200,95,0.0233915150,96,0.0719587430,97,-0.0638487786,98,0.1273611784,99,-0.0695961118,100,-0.1783274263,101,-0.1075180247,102,-0.1279153526,103,-0.0285195746,104,0.1160472855,105,0.1005151346,106,0.1061795801,107,0.0843720958,108,-0.0506961532,109,-0.0844769254,110,0.0145893255,111,-0.1145195216,112,-0.0346928500,113,-0.1262040734,114,-0.1701665074,115,0.1184132695,116,0.1179833487,117,0.0298061073,118,0.1305173188,119,-0.1562627852,196,-1.0000000000
57,0,-0.0013413385,60,0.1016206220,61,-0.0850575566,62,-0.1002365053,63,0.0282369051,64,0.0489300154,65,0.3001928329,66,0.0978847072,67,0.1141309142,68,-0.0411503576,69,0.0671076924,70,-0.0521653965,71,-0.0604106672,72,-0.1793812513,73,0.2719546556,74,-0.0519903265,75,-0.1496514082,76,-0.1910989285,77,0.1187094599,78,0.0472984053,79,0.0919967592,80,0.0018359679,81,0.2187002599,82,0.2557463646,83,0.1310146004,84,-0.1752505451,85,0.1160592884,86,-0.0332357846,87,-0.1207156479,88,-0.0465817563,89,0.0346823037,90,0.0451960899,91,0.1125718951,92,0.0508378036,93,0.1243740246,94,-0.1282097846,95,0.0804248080,96,0.1252812296,97,0.1428871304,98,-0.0075580045,99,-0.0285565015,100,-0.1067445353,101,-0.0167065952,102,0.0539332256,103,-0.1081218645,104,0.0321172476,105,0.0303893816,106,0.0028931487,107,0.0729927644,108,-0.0378617309,109,-0.0248976108,110,0.1164928079,111,0.0405581556,112,0.0855975226,113,-0.0036868323,114,-0.0599446148,115,-0.0692601874,116,-0.0251935069,117,-0.0316892751,118,-0.0197237562,119,0.0552535020,197,-1.0000000000
58,0,-0.0000365181,60,-0.0177591741,61,0.0273930430,62,0.0297912955,63,0.0012644355,64,-0.0194515157,65,0.0040068617,66,0.0159431826,67,0.0225021336,68,0.0249546021,69,-0.0201560557,70,-0.0208292194,71,0.0176813174,72,0.0123015791,73,0.0053646439,74,0.0078405077,75,0.0120591335,76,-0.0028809037,77,0.0195355453,78,-0.0085184397,79,0.0259403940,80,0.0255432427,81,-0.0184908863,82,-0.0050885025,83,-0.0105403233,84,-0.0090116635,85,0.0241658743,86,-0.0165314078,87,-0.0271559674,88,0.0190813057,89,-0.0035080377,90,0.0117405998,91,0.0003687913,92,0.0098653976,93,-0.0129948361,94,-0.0186257288,95,-0.0319348350,96,0.0009742785,97,0.0176458266,98,0.0317182317,99,-0.0209319424,100,-0.0029275594,101,0.0147757819,102,-0.0315316208,103,0.0015001599,104,-0.0036667155,105,0.0023488880,106,0.0112810181,107,0.0130683510,108,0.0089263087,109,-0.0027615717,110,-0.0235988628,111,-0.0166102070,112,0.0200796854,113,0.0059923450,114,0.0137041062,115,0.0073621548,116,-0.0181204267,117,0.0108479792,118,0.0031941759,119,-0.0000512589,198,-1.0000000000
59,0,-0.0005855618,60,-0.0906283483,61,-0.0424920879,62,0.0019969128,63,-0.2864638269,64,0.0773513764,65,0.1794086248,66,0.1680615693,67,0.0054402165,68,0.1554551721,69,0.0571202263,70,-0.1659498811,71,0.0763299242,72,-0.1545982510,73,0.1210272536,74,-0.1034499705,75,-0.1008753181,76,-0.1933735460,77,0.1382219642,78,-0.0499511734,79,0.0574227124,80,-0.1951544434,81,0.0562125593,82,-0.0175250228,83,0.0985910818,84,0.0539464727,85,0.0119907027,86,-0.2728579938,87,-0.0926828757,88,0.0006679952,89,0.3424927294,90,0.1236756742,91,-0.0607585907,92,-0.0950687602,93,0.2903739810,94,-0.0050715618,95,-0.0308662895,96,0.0674388930,97,0.0858638957,98,-0.0117684659,99,0.2092374414,100,-0.0265558083,101,0.1849214286,102,-0.0575989224,103,0.1371758133,104,-0.2272852957,105,-0.0906523094,106,0.1713632494,107,0.0304249339,108,0.0805908069,109,0.2863869071,110,0.2598804832,111,-0.0782552585,112,-0.0380715951,113,-0.0511130951,114,0.0222243201,115,0.1013222709,116,-0.2330438197,117,-0.1443465799,118,0.1164643243,119,0.0743927211,199,-1.0000000000
60,0,-0.1169497445,200,0.1819583327,201,0.2259723842,202,0.0876963064,203,0.1034398824,204,0.1376419663,205,0.1446554214,206,0.0229096748,207,-0.0064551067,208,-0.0807625800,209,0.1434062570,210,0.0813491940,211,0.0633696318,212,-0.0622246601,213,0.0796999112,214,0.0258753244,215,0.2055619955,216,-0.0522810370,217,0.1357932240,218,0.1971172839,219,-0.0486810505,220,0.0207959302,221,0.2199521810,222,0.1532793790,223,0.0804300606,224,0.0176775586,225,0.0299602635,226,-0.0035973203,227,0.2227484137,228,0.0000025955,229,0.2168688327,120,-1.0000000000
61,0,0.0001563975,200,-0.0232781433,201,-0.0082824975,202,-0.0293680262,203,-0.0254810341,204,0.0020128929,205,-0.0155652333,206,0.0140368575,207,0.1951641589,208,-0.0415231586,209,-0.0338545516,210,0.0127443941,211,0.0709222108,212,-0.0515094772,213,0.0505776331,214,0.0009279987,215,0.2910787165,216,0.0941857398,217,0.0276495367,218,0.0310576037,219,-0.0327457227,220,0.0603542738,221,-0.0153672667,222,-0.0210995842,223,0.0067206528,224,0.1166234836,225,0.0347120054,226,0.0240836386,227,0.1614901274,228,0.1886694580,229,0.0383674614,121,-1.0000000000
62,0,-0.0040718936,200,0.0491697825,201,0.2773761451,202,0.1621889770,203,0.1095516086,204,0.0117367031,205,0.1087862104,206,0.1785070747,207,0.0456516817,208,0.0057248692,209,0.1683709472,210,-0.0206448715,211,0.0297493860,212,0.1191364750,213,0.0034500146,214,0.1122425273,215,-0.0484304801,216,0.2882558107,217,0.0365754701,218,-0.0174091812,219,-0.0825950578,220,0.1540866196,221,-0.0313081890,222,0.0758159012,223,-0.0119199557,224,-0.0395955294,225,0.0568409897,226,0.0959873125,227,0.0480380766,228,0.0236767586,229,0.0399523154,122,-1.0000000000
63,0,-0.0014372081,200,0.0155236032,201,0.1150126010,202,0.0467231646,203,0.1149146035,204,0.1749175936,205,0.0564520322,206,0.0693955645,207,0.0206585675,208,0.1733458489,209,0.0072180615,210,0.0662258044,211,0.0707081631,212,0.0429994501,213,0.1851248592,214,0.0816492215,215,0.0375186615,216,-0.0386280380,217,0.0435415059,218,0.0123687955,219,-0.0275314804,220,0.0184628442,221,0.2122720927,222,-0.0624057613,223,0.0850290507,224,0.0617193133,225,0.0940013304,226,0.1691546440,227,0.0138627132,228,0.1509848833,229,-0.0465130247,123,-1.0000000000
64,0,-0.0004834442,200,-0.0192373712,201,0.0113059981,202,0.0014454504,203,0.0226573683,204,0.0248211231,205,0.0170378052,206,0.0344011001,207,0.0393881239,208,0.0009136343,209,0.0120265726,210,0.0085241217,211,-0.0231555570,212,-0.0107735721,213,-0.0432371274,214,0.0606743023,215,-0.0170629304,216,0.0007444022,217,0.0446369685,218,0.0289084725,219,0.0028878122,220,-0.0145256352,221,-0.0106132440,222,0.0009575190,223,-0.0175691806,224,0.0069551277,225,-0.0022138162,226,0.0399032123,227,-0.0119097922,228,0.0790111125,229,0.0010784251,124,-1.0000000000
65,0,-0.0850519016,200,0.0258972775,201,0.0120603237,202,0.0739343092,203,0.1137188300,204,0.1134926304,205,0.0838610157,206,0.1203908846,207,0.0869834945,208,0.0920363739,209,0.0500885695,210,0.0748283267,211,0.1622937173,212,0.1896388233,213,0.1381475329,214,0.0682902187,215,0.0392185412,216,0.0504289120,217,0.1113869846,218,0.0080814837,219,0.1551713049,220,0.0132346600,221,0.1083400995,222,0.2721509337,223,-0.1212388128,224,0.0930744261,225,0.1207018122,226,-0.0624479838,227,-0.0604166128,228,0.0644740462,229,-0.0321981311,125,-1.0000000000
66,0,0.0057084612,200,-0.0124317622,201,0.1651526690,202,0.0529093295,203,0.0686039627,204,0.0662062913,205,0.0811120421,206,0.0076904148,207,0.1012251973,208,0.3099742234,209,-0.0354509726,210,0.0763981044,211,0.1258231252,212,0.1149357483,213,0.0972182676,214,0.0271253511,215,-0.0316280723,216,-0.0348436125,217,0.0742693990,218,0.0565973669,219,-0.0664530545,220,0.0073554544,221,0.1368495524,222,-0.0223320741,223,0.2984350920,224,0.0816818029,225,0.0742625743,226,0.2429095358,227,-0.0221897010,228,-0.0162884686,229,0.1775731295,126,-1.0000000000
67,0,0.0024188757,200,0.0399495065,201,0.0079826955,202,0.0761759952,203,0.1269814968,204,-0.0060564927,205,0.0633456111,206,0.0373646505,207,0.0338027067,208,0.1334726065,209,0.0404778644,210,-0.0005850866,211,0.0020382428,212,0.1216398627,213,-0.0137850633,214,-0.0414951667,215,-0.0476699248,216,-0.0160648059,217,-0.0540396087,218,-0.0504745245,219,0.1405486912,220,0.1179803833,221,0.1561520249,222,0.0438807793,223,0.0204020254,224,-0.0451953933,225,0.0678028315,226,-0.0021570395,227,0.0088544264,228,0.1108219996,229,0.3064033389,127,-1.0000000000
68,0,0.0080952626,200,0.0730698258,201,0.1286115646,202,0.0496673323,203,0.1636499912,204,0.1414587349,205,0.0749792606,206,0.0001680567,207,0.0121001452,208,0.1142023280,209,0.0087842634,210,0.1310271919,211,0.0985957831,212,0.0670003518,213,0.1405709982,214,-0.0669453368,215,0.1288813353,216,0.3810946047,217,0.0647776648,218,0.0285392497,219,-0.0016135451,220,0.0262175146,221,-0.1116223186,222,0.0631109923,223,0.1639355570,224,0.0501270443,225,0.1114784777,226,0.0202141833,227,-0.0048155813,228,0.0248811133,229,0.2061574608,128,-1.0000000000
69,0,-0.0000711257,200,0.0800738856,201,-0.0635600016,202,0.1168823689,203,0.0490420237,204,0.0920114070,205,0.1329946369,206,0.0440147892,207,0.0120345410,208,0.0287124999,209,0.1386567950,210,-0.0306986198,211,0.0574151985,212,0.0128929289,213,0.0646327361,214,0.2164865136,215,0.1092202961,216,0.1214129180,217,0.0879653022,218,0.1504915804,219,0.3053925037,220,0.1000688598,221,0.0572259352,222,-0.0082866335,223,0.2522612810,224,0.0024692584,225,0.0246582348,226,0.2004072815,227,0.2056076825,228,0.0080358097,229,0.1031880379,129,-1.0000000000
70,0,-0.1169497445,230,0.1819583327,231,0.2259723842,232,0.0876963064,233,0.1034398824,234,0.1376419663,235,0.1446554214,236,0.0229096748,237,-0.0064551067,238,-0.0807625800,239,0.1434062570,240,0.0813491940,241,0.0633696318,242,-0.0622246601,243,0.0796999112,244,0.0258753244,245,0.2055619955,246,-0.0522810370,247,0.1357932240,248,0.1971172839,249,-0.0486810505,250,0.0207959302,251,0.2199521810,252,0.1532793790,253,0.0804300606,254,0.0176775586,255,0.0299602635,256,-0.0035973203,257,0.2227484137,258,0.0000025955,259,0.2168688327,130,-1.0000000000
71,0,0.0001563975,230,-0.0232781433,231,-0.0082824975,232,-0.0293680262,233,-0.0254810341,234,0.0020128929,235,-0.0155652333,236,0.0140368575,237,0.1951641589,238,-0.0415231586,239,-0.0338545516,240,0.0127443941,241,0.0709222108,242,-0.0515094772,243,0.0505776331,244,0.0009279987,245,0.2910787165,246,0.0941857398,247,0.0276495367,248,0.0310576037,249,-0.0327457227,250,0.0603542738,251,-0.0153672667,252,-0.0210995842,253,0.0067206528,254,0.1166234836,255,0.0347120054,256,0.0240836386,257,0.1614901274,258,0.1886694580,259,0.0383674614,131,-1.0000000000
72,0,-0.0040718936,230,0.0491697825,231,0.2773761451,232,0.1621889770,233,0.1095516086,234,0.0117367031,235,0.1087862104,236,0.1785070747,237,0.0456516817,238,0.0057248692,239,0.1683709472,240,-0.0206448715,241,0.0297493860,242,0.1191364750,243,0.0034500146,244,0.1122425273,245,-0.0484304801,246,0.2882558107,247,0.0365754701,248,-0.0174091812,249,-0.0825950578,250,0.1540866196,251,-0.0313081890,252,0.0758159012,253,-0.0119199557,254,-0.0395955294,255,0.0568409897,256,0.0959873125,257,0.0480380766,258,0.0236767586,259,0.0399523154,132,-1.0000000000
73,0,-0.0014372081,230,0.0155236032,231,0.1150126010,232,0.0467231646,233,0.1149146035,234,0.1749175936,235,0.0564520322,236,0.0693955645,237,0.0206585675,238,0.1733458489,239,0.0072180615,240,0.0662258044,241,0.0707081631,242,0.0429994501,243,0.1851248592,244,0.0816492215,245,0.0375186615,246,-0.0386280380,247,0.0435415059,248,0.0123687955,249,-0.0275314804,250,0.0184628442,251,0.2122720927,252,-0.0624057613,253,0.0850290507,254,0.0617193133,255,0.0940013304,256,0.1691546440,257,0.0138627132,258,0.1509848833,259,-0.0465130247,133,-1.0000000000
74,0,-0.0004834442,230,-0.0192373712,231,0.0113059981,232,0.0014454504,233,0.0226573683,234,0.0248211231,235,0.0170378052,236,0.0344011001,237,0.0393881239,238,0.0009136343,239,0.0120265726,240,0.0085241217,241,-0.0231555570,242,-0.0107735721,243,-0.0432371274,244,0.0606743023,245,-0.0170629304,246,0.0007444022,247,0.0446369685,248,0.0289084725,249,0.0028878122,250,-0.0145256352,251,-0.0106132440,252,0.0009575190,253,-0.0175691806,254,0.0069551277,255,-0.0022138162,256,0.0399032123,257,-0.0119097922,258,0.0790111125,259,0.0010784251,134,-1.0000000000
75,0,-0.0850519016,230,0.0258972775,231,0.0120603237,232,0.0739343092,233,0.1137188300,234,0.1134926304,235,0.0838610157,236,0.1203908846,237,0.0869834945,238,0.0920363739,239,0.0500885695,240,0.0748283267,241,0.1622937173,242,0.1896388233,243,0.1381475329,244,0.0682902187,245,0.0392185412,246,0.0504289120,247,0.1113869846,248,0.0080814837,249,0.1551713049,250,0.0132346600,251,0.1083400995,252,0.2721509337,253,-0.1212388128,254,0.0930744261,255,0.1207018122,256,-0.0624479838,257,-0.0604166128,258,0.0644740462,259,-0.0321981311,135,-1.0000000000
76,0,0.0057084612,230,-0.0124317622,231,0.1651526690,232,0.0529093295,233,0.0686039627,234,0.0662062913,235,0.0811120421,236,0.0076904148,237,0.1012251973,238,0.3099742234,239,-0.0354509726,240,0.0763981044,241,0.1258231252,242,0.1149357483,243,0.0972182676,244,0.0271253511,245,-0.0316280723,246,-0.0348436125,247,0.0742693990,248,0.0565973669,249,-0.0664530545,250,0.0073554544,251,0.1368495524,252,-0.0223320741,253,0.2984350920,254,0.0816818029,255,0.0742625743,256,0.2429095358,257,-0.0221897010,258,-0.0162884686,259,0.1775731295,136,-1.0000000000
77,0,0.0024188757,230,0.0399495065,231,0.0079826955,232,0.0761759952,233,0.1269814968,234,-0.0060564927,235,0.0633456111,236,0.0373646505,237,0.0338027067,238,0.1334726065,239,0.0404778644,240,-0.0005850866,241,0.0020382428,242,0.1216398627,243,-0.0137850633,244,-0.0414951667,245,-0.0476699248,246,-0.0160648059,247,-0.0540396087,248,-0.0504745245,249,0.1405486912,250,0.1179803833,251,0.1561520249,252,0.0438807793,253,0.0204020254,254,-0.0451953933,255,0.0678028315,256,-0.0021570395,257,0.0088544264,258,0.1108219996,259,0.3064033389,137,-1.0000000000
78,0,0.0080952626,230,0.0730698258,231,0.1286115646,232,0.0496673323,233,0.1636499912,234,0.1414587349,235,0.0749792606,236,0.0001680567,237,0.0121001452,238,0.1142023280,239,0.0087842634,240,0.1310271919,241,0.0985957831,242,0.0670003518,243,0.1405709982,244,-0.0669453368,245,0.1288813353,246,0.3810946047,247,0.0647776648,248,0.0285392497,249,-0.0016135451,250,0.0262175146,251,-0.1116223186,252,0.0631109923,253,0.1639355570,254,0.0501270443,255,0.1114784777,256,0.0202141833,257,-0.0048155813,258,0.0248811133,259,0.2061574608,138,-1.0000000000
79,0,-0.0000711257,230,0.0800738856,231,-0.0635600016,232,0.1168823689,233,0.0490420237,234,0.0920114070,235,0.1329946369,236,0.0440147892,237,0.0120345410,238,0.0287124999,239,0.1386567950,240,-0.0306986198,241,0.0574151985,242,0.0128929289,243,0.0646327361,244,0.2164865136,245,0.1092202961,246,0.1214129180,247,0.0879653022,248,0.1504915804,249,0.3053925037,250,0.1000688598,251,0.0572259352,252,-0.0082866335,253,0.2522612810,254,0.0024692584,255,0.0246582348,256,0.2004072815,257,0.2056076825,258,0.0080358097,259,0.1031880379,139,-1.0000000000
0,relu,200,140
1,relu,201,141
2,relu,202,142
3,relu,203,143
4,relu,204,144
5,relu,205,145
6,relu,206,146
7,relu,207,147
8,relu,208,148
9,relu,209,149
10,relu,210,150
11,relu,211,151
12,relu,212,152
13,relu,213,153
14,relu,214,154
15,relu,215,155
16,relu,216,156
17,relu,217,157
18,relu,218,158
19,relu,219,159
20,relu,220,160
21,relu,221,161
22,relu,222,162
23,relu,223,163
24,relu,224,164
25,relu,225,165
26,relu,226,166
27,relu,227,167
28,relu,228,168
29,relu,229,169
30,relu,230,170
31,relu,231,171
32,relu,232,172
33,relu,233,173
34,relu,234,174
35,relu,235,175
36,relu,236,176
37,relu,237,177
38,relu,238,178
39,relu,239,179
40,relu,240,180
41,relu,241,181
42,relu,242,182
43,relu,243,183
44,relu,244,184
45,relu,245,185
46,relu,246,186
47,relu,247,187
48,relu,248,188
49,relu,249,189
50,relu,250,190
51,relu,251,191
52,relu,252,192
53,relu,253,193
54,relu,254,194
55,relu,255,195
56,relu,256,196
57,relu,257,197
58,relu,258,198
59,relu,259,199